5.428584748676837726e-03
1.143083080520413741e+00
2.042903892974103075e-02
5.724672715341257156e-02
9.186993896289893935e-02
2.349532334891488439e-01
1.157112243763584791e+00
4.066708504451104211e-01
2.728954569667341179e-01
1.222570278511247333e+00
1.488393091274484714e-01
1.157420803533642628e+00
9.771120247162132233e-02
6.297860187543925445e-03
1.285407493387534794e+00
4.431677339314481490e-01
3.995321198134366703e-01
1.128982467576071347e+00
5.543198100029386732e-02
1.225408528184825929e+00
1.153643799668143455e+00
4.028861252077177157e-01
1.236286159240447935e+00
1.137151014060054921e+00
8.216775494683692827e-04
2.243930551624254421e-01
6.675031205463043127e-02
4.439177027208170423e-01
1.231437592877241860e+00
4.245200649450256436e-01
2.324196506630901993e-01
8.753273519736115560e-02
1.569281824587076268e-01
2.900157188091818106e-01
2.932069439590266335e-01
2.342293834466439018e-01
1.161353194483759621e+00
1.291362702793596329e+00
2.512130991391341994e-01
7.333328482587849959e-03
3.673913291428366756e-01
2.346979347466228091e-02
3.490518600080931289e-01
1.609711496175293133e-01
3.210377792192742330e-01
4.831811573195248649e-02
3.610090417519731809e-01
7.685108820634457827e-02
1.234109157809526236e+00
1.771533466060205841e-02
1.517643462096242013e-01
2.565395157683250105e-01
2.023510320971910192e-01
3.852309023792312159e-02
2.848660678329946183e-01
3.632332612737221300e-02
9.157420367124322058e-02
4.018350706491801705e-01
1.138843623057636201e+00
1.130804019605044841e+00
1.783020761637852114e-01
1.238899750071757344e+00
1.947105063969656880e-01
1.007351998861346354e-01
4.005706066781390962e-01
3.757931301590899942e-01
6.500932676614475103e-02
1.222280351983587421e+00
6.832892004548768439e-02
5.496436507324219123e-02
1.980273841933426204e-01
1.000468470988014197e-01
2.588469018364653387e-02
1.160156377944086215e+00
2.441012974997759655e-01
2.912576435912043182e-01
1.283730404040225759e+00
1.337260096482638660e-01
2.852244378350720644e-01
3.502275818919822759e-01
7.984851441728935129e-02
2.846903672515346262e-01
1.356497232612045301e-01
1.157322975319772018e+00
3.310245289497907861e-01
4.260571164927766663e-01
2.516173204632125848e-02
2.479322142429356834e-01
1.125974003971556003e+00
1.604860365505097475e-01
1.400468041660700158e-01
1.165314815295352302e+00
2.350790704262633035e-01
3.955998283455279818e-01
1.207044446131044113e+00
4.906926001733375592e-02
5.685572806897315479e-02
4.729846821031306187e-02
1.040698787721726637e-01
1.772352337682545631e-01
8.246221973835625441e-02
1.696530789632107461e-01
3.472470483804916408e-01
1.467894805792220592e-01
4.608206546198859860e-02
3.270346617016848256e-01
2.175917173746688138e-01
1.249822605883211590e+00
6.505771895923370685e-02
3.313775585863402706e-01
2.323054090958038831e-01
3.069111033859884263e-01
2.925767070659220925e-01
1.565182036303018782e-03
2.848918415222260851e-03
2.483275589955133422e-01
7.367163645566712771e-02
1.249740582243604736e+00
1.149246679546732430e+00
2.582981768097611028e-02
3.479719932547313266e-01
1.443681404142410363e-01
1.151591909303774308e+00
7.428643050941381720e-03
1.166441578258703649e+00
2.313936176327982264e-01
1.231242591744394765e+00
4.480301844284343415e-01
2.332427920855012771e-01
2.718055491885181252e-01
2.816538393779329796e-01
4.132301428534466969e-02
1.122087452206875372e-03
3.888388257967824169e-01
4.193943798473071527e-01
1.109013497694940481e-01
2.731116183632958938e-01
2.002106036239970910e-01
3.035478185243160043e-01
1.887345008278052960e-01
6.167187902868509486e-02
2.952633367298676537e-01
5.767162624290834289e-02
9.692706511459828200e-02
3.784039492342921029e-01
9.588391799811998850e-02
1.497402019108410587e-01
5.574372106444038660e-02
4.320054811478853951e-01
1.646622674919547835e-01
1.545947700895362598e-01
3.638163334710453611e-01
2.652324540261530306e-01
2.908042591217793738e-01
1.184703255658408283e+00
1.182521184141737819e-01
1.140925646022287326e-02
2.006783309222422845e-02
1.249924076272181495e+00
1.152797594198288200e+00
3.548443246364676312e-02
2.692128113811692036e-01
1.129529384577432127e+00
1.829482622229000321e-01
3.854529868273153248e-01
1.362323391074906076e-01
7.425658887878837378e-02
1.617381346533147135e-01
4.212991689226464609e-01
1.124780922480685508e+00
3.814661954627912022e-01
1.275944525109941607e-01
1.221753027670783975e+00
3.074127795495114057e-01
4.206174920477277479e-01
2.710412419172809617e-01
8.466488720942949575e-02
2.359610143066409038e-01
1.109147984641108697e-01
1.158479053686941374e+00
3.596031986012718229e-01
3.595837625950406569e-01
2.501250344853880869e-01
3.005111598194414313e-01
8.565204433171511034e-02
3.249279937556240339e-01
1.322533806384565414e-01
1.446043963997507564e-01
3.039532168453675243e-01
1.292834722575173068e+00
1.470527406805348103e-01
1.256361790972142511e+00
1.144008370454166146e+00
2.856700310480425054e-01
1.129204249304840646e+00
1.151078336988878403e+00
1.829623054773994451e-01
2.371797151355215794e-01
3.233612532480120705e-01
1.559453620469411494e-01
2.331128036103175538e-01
1.304489569684115224e+00
1.168844749020350404e+00
1.164393396731465913e+00
1.570556370458435769e-01
1.300711490882725752e+00
3.542179720300976942e-01
3.277796086612623228e-01
2.545683084442185717e-01
2.670631689153817323e-01
1.262818171913984155e+00
3.971435309250932466e-01
1.038281495822439282e-01
1.293794777206012325e+00
1.215779900700696192e+00
1.154791475411914403e+00
1.410769021341004292e-01
3.734187537264895274e-01
1.284947108202280974e+00
1.154402040487755854e-01
2.679770215658731636e-01
1.381603484177354180e-01
2.633116738715042815e-01
2.899385471276986204e-01
1.754779459866984137e-02
2.406299392489053002e-01
1.635096695511410458e-01
1.481244508029766760e-01
3.384612220923115533e-01
1.148607622602382916e+00
7.565509011821922036e-02
2.723528783875380221e-01
2.547329658213570158e-01
2.790707058887842984e-01
4.992265007222305290e-03
1.133158593908491607e+00
2.348626962389388229e-01
1.250816881645042455e+00
4.335537837377029247e-02
2.752077998311410756e-01
2.807688276708239505e-01
1.234705486191472135e+00
3.427455817170043106e-01
1.215418680805388840e+00
1.294151416766277096e+00
1.151203811635164387e+00
1.269532956362446674e+00
1.286207322441623724e+00
1.156325283751437949e+00
3.291526569371171496e-01
5.827275210198724562e-03
4.226758285008744842e-01
4.093626985529463802e-01
1.281038666874544152e+00
2.587930674236695872e-01
1.146579200147960220e+00
4.009656468519304795e-01
2.664331071060006551e-01
2.678362684655923864e-01
1.927104737465584750e-02
5.395771027001985271e-02
1.130992637693149172e+00
2.342889205441019695e-01
1.185560194966958775e-01
7.378608625886684536e-02
2.461446460637981004e-01
3.776822804116338195e-01
3.801363222594750235e-02
2.747124025318354867e-01
2.514136503115645405e-01
4.800891902650465497e-03
2.513083501802175213e-01
3.808123552031940084e-01
3.443473510673361049e-01
1.167874648667838189e+00
3.675792331297316751e-01
4.460603978233867450e-01
1.297691356893913239e+00
3.420291741650682837e-01
2.698916177983399223e-01
3.028795461230678887e-01
1.937204271114654208e-01
2.916695523780400007e-02
2.402858896144883794e-01
4.033200604759982766e-01
6.031738239625963199e-02
3.153485553247153961e-02
2.735186901499916390e-01
2.045821710763131695e-03
7.783223216669152289e-02
1.307951065205051000e+00
2.868743744314626865e-01
2.305135274612954699e-01
3.775894220248354194e-01
1.287474483678250570e+00
2.980870800422877331e-01
3.344975056369685618e-01
1.892075717421866365e-01
1.883107595338839313e-01
2.315890695135596478e-01
1.235683125506684688e+00
2.642486435035346637e-01
1.352050514406095139e-01
2.291498934364549767e-02
7.245429081187176878e-02
2.111329008831530352e-01
2.203681209837139165e-01
1.536288202059594987e-01
1.619699931650225855e-01
4.310341700135318296e-03
9.986441596517316166e-02
1.311082454626212090e+00
3.350358729116636458e-01
8.809326382906668140e-02
2.858013758734273546e-01
3.084333737812849363e-01
1.262490258210082095e+00
2.690133315071747688e-01
1.004407693534967033e-01
3.134230208249692562e-01
1.123813601063345713e+00
3.689662672609940741e-01
1.276972056202398675e-01
2.783886551892337247e-01
1.132227771450298626e+00
2.042180077718424858e-01
3.633275034628735689e-01
4.041540117563212631e-01
3.290054367097154653e-02
8.612281113926717468e-02
6.955359932429915071e-02
3.338819997252724381e-01
1.270451301746524653e+00
1.141990002593885167e+00
1.334829103463472944e-01
1.616907934809109770e-01
1.274287432759523497e+00
3.806550494884628488e-01
3.132604454193771981e-01
2.987490274503269982e-01
3.382032472261529144e-01
1.127533307047194899e-01
4.238539283694903008e-04
3.760735410853173755e-01
2.582027789500033199e-01
1.321506924652257331e-01
3.202881769888633601e-01
1.155020641696648198e+00
3.698129528470892602e-01
1.288735523362099511e-01
2.094759741676920917e-01
1.138689729119908067e+00
1.133232202113442222e+00
1.909019408955427849e-02
1.670806748355137261e-02
2.749300782427157586e-01
3.859983206543067813e-01
6.590671729282588515e-03
9.262627728187675102e-02
4.438360492729387374e-01
4.569294774786665236e-01
1.612736816050826250e-01
3.671334026295918207e-01
1.167544324419990787e+00
1.161319026804284338e+00
1.816050801179382723e-01
1.069869368394277265e-01
5.543282263791460274e-02
3.401596474356740618e-01
1.144147185460299143e+00
3.273470061304833978e-01
1.607431165928458749e-01
2.430982473034903890e-01
1.233617986031846137e+00
1.635148650015138538e-01
7.097201296544694560e-02
2.350265560592453007e-01
3.525463506415402182e-01
2.376815301440372841e-01
1.250197677433436905e+00
3.423176222739813257e-01
2.605005960092232967e-02
4.113329392650272309e-01
2.307590300858337606e-01
5.204052770949681161e-02
1.159294151605706036e+00
2.547165700642969877e-01
1.130516665661085440e+00
3.818545516430956743e-01
7.781760796632218938e-03
1.374333925595360162e-01
4.361628425476170301e-02
1.287105688795028846e-01
2.303166398586203867e-01
2.662331655468684888e-01
4.132332780920605630e-01
2.406911856271782557e-01
3.332029263001010100e-01
3.073840219296908871e-01
3.891743347133174713e-01
2.422448791946645308e-01
3.310711117637774037e-01
8.244844869198517112e-02
1.125465062540185635e+00
1.478383487023681164e-01
2.038863347004823273e-02
4.419400992965471509e-01
1.203131154106702683e+00
3.458609488322402781e-01
3.142903774526221994e-02
2.347644352996022254e-01
4.027313320845958555e-02
1.157339769012879077e-01
1.897569384500338158e-02
3.766063449730778223e-01
3.569162373235478802e-01
3.874993399862982080e-01
3.561319885044152977e-01
9.233020703256780704e-02
1.224264811479910953e-01
2.676097915940535699e-01
2.684633889720831612e-01
2.408640425595061363e-01
3.001502638802996947e-01
2.309404658486235717e-01
1.244516414655973735e+00
1.452456697353677884e-01
3.901498635162638506e-01
1.832891149871562486e-01
9.464495888462547742e-04
5.239914834279337658e-02
1.795066598576715577e-01
3.500525373931623330e-01
1.169525748453735359e+00
1.792167036516856549e-01
2.558703809948900676e-01
2.441922282625319518e-01
3.016804589081305554e-01
2.345543094119931227e-01
4.659835618412278696e-02
3.965508732237641998e-01
1.143857215011021999e+00
3.163756466182528204e-02
2.696086725552487295e-01
2.970542020946888018e-01
1.271768000834099244e+00
1.212382099803231750e+00
1.135265307562485892e+00
8.486865286856777602e-02
2.909918646443842433e-02
3.963172810154924619e-01
1.139920852038494026e+00
1.678999978562895901e-01
2.815841294799121264e-01
2.986274249349187837e-01
3.681540234973120218e-01
6.897805243093581284e-02
1.197338573499893283e-01
2.037066612955351630e-02
3.637514633023071764e-01
2.691750919283663057e-01
1.124618859851515884e+00
5.605852180374502197e-02
2.929403139180078441e-01
4.303323293032887409e-01
4.024411387060267686e-01
2.750914718864972963e-01
1.320721706532292927e-01
2.345358718228173212e-01
2.724611563571323336e-02
1.173162679061046321e+00
1.798562804474612420e-01
1.141683707902254596e+00
1.260217389114758335e+00
2.747456082791851495e-01
3.355743292790134835e-01
4.316814872856039043e-01
8.984835622820115664e-02
1.244958787580492166e+00
2.648325666527879818e-01
5.396344201767332843e-02
2.359787218431064898e-02
2.714131245252836000e-01
9.786473153982945539e-02
3.411462668258228442e-02
2.685893908873417946e-01
1.854134166905748726e-01
1.377010045175763309e-01
2.962875010160295197e-01
5.251274925826135420e-02
2.119451530930167305e-01
3.606258913963779067e-01
1.125402027979614639e+00
2.706695411725710265e-01
1.129818459596289015e+00
2.597322136308930496e-01
2.167356436342451342e-01
3.786663423950809015e-01
3.631975856583489759e-01
2.404033136828226669e-01
4.054302358641959647e-01
5.722036296448716752e-02
2.678864618721141233e-01
3.662423048154441751e-01
9.183863560444302521e-02
1.170770836928224146e+00
2.576085314446971419e-01
1.144055721409632520e+00
1.280585505912028577e+00
2.342441068277551497e-01
2.238774965250308890e-01
3.389151315875688747e-04
5.493427128305498203e-02
4.158966654496609738e-01
1.386241061060889679e-01
1.744634224721305360e-01
1.375882331693221439e-01
2.239430404413847442e-01
5.501262228711560620e-02
7.150400184132590931e-02
1.666148552377390846e-01
1.264440545141692906e+00
4.365469164314115247e-01
2.833723882072737565e-03
1.247261944290852936e-01
9.408683889607119544e-02
5.261528097816915717e-02
8.177741385092354709e-02
1.236928792590518800e+00
1.071173474620412541e-01
1.230443387844433745e-01
4.010390872419272723e-01
2.619324149870560503e-01
3.809226739919847060e-01
1.587708322932201432e-01
3.646793250345173876e-01
1.151248461108267174e+00
1.162812013007174849e+00
1.986358578958108412e-01
8.707381466913557966e-02
1.355239613400327225e-01
9.597317157611341687e-02
1.510751553484277476e-01
1.126917256130291367e+00
4.083180765160117076e-01
5.646115061916549827e-02
7.128449247159451829e-02
2.819726589089655011e-01
1.467382524610645611e-01
1.137346618244739149e+00
2.405579383787110614e-01
8.462892643626876432e-02
1.304855211884457411e+00
3.599501549441741499e-02
1.340624058466385049e-01
3.386801839027351463e-02
3.044895798908628382e-01
1.283174085547065024e+00
3.544327197176208848e-03
8.829935743594333197e-02
1.477512418229469382e-01
1.281776932473440711e-01
4.070138097827519230e-01
3.995933328818554453e-02
3.000747862593233228e-01
3.238880918464902559e-01
3.247358574497321015e-01
2.798608119270994815e-02
1.279313007151730686e+00
1.802129849939109740e-01
3.404350158567976958e-01
8.584087879776422514e-02
5.969973977638499268e-02
2.507731747296362279e-01
1.237747570900317395e+00
1.792674272759927356e-01
1.229212802396878912e+00
1.156836383883954378e+00
3.697852009104067583e-02
1.045189078487996359e-01
2.737315879747714842e-01
1.733752563913982248e-01
3.886588922843491889e-01
1.129743924220169893e+00
2.272332162966687052e-01
3.694241312627927210e-01
3.009481808705843364e-01
3.021373412023956040e-01
1.652423651406783045e-01
3.945334662608890874e-01
3.945472759855191136e-02
1.253610640308857826e+00
1.238305853945267376e+00
4.001173402313936561e-02
1.253095874743938243e+00
2.730500638228016141e-01
1.688363468131743872e-01
6.769353340653148920e-02
4.200152189808042391e-01
1.268475382023839693e+00
2.417610785602255785e-01
4.504914101987409492e-01
2.964367184153564039e-01
8.720412965429176488e-02
3.632675429183639948e-01
3.677025941855057156e-01
3.388124531583445731e-01
1.668582391873568160e-01
2.659574856164600432e-01
1.170491596927712319e+00
1.128170282777083866e+00
3.193666417903128774e-01
3.620391294659512649e-02
6.967645774992020646e-02
2.596371751148772722e-01
4.009724684951030960e-01
4.163458506829362249e-01
3.655934811989470894e-03
3.437672297064824911e-01
1.443797153136905931e-01
7.318134474481430285e-02
2.710326751482414198e-01
3.829035855685875012e-01
1.135004081174694646e+00
1.165056833217628096e+00
2.033555670203271715e-01
3.981376032584130753e-01
2.062569019714878549e-01
1.265806246217078934e+00
1.147122177763933548e+00
1.788346395552430912e-01
2.380896906023636794e-01
1.648218753590021193e-02
1.594857534005055810e-01
2.684436415990451574e-01
4.246894022457287088e-02
1.215764668494439649e+00
2.772860466949642055e-01
3.433061202574703152e-01
2.987459463319736552e-01
1.314214950236866630e-01
2.630165018868186877e-01
1.262133679851736190e+00
9.733916894612419657e-02
3.734571566510452301e-01
1.266085030529353617e+00
9.549333741736311387e-02
3.039803478995537489e-01
1.915679312370922871e-02
1.777891836324948516e-01
2.612709304032391211e-01
8.289660465098500075e-02
1.123935457893004281e-02
3.419901367381625312e-01
8.344981372533244457e-02
2.991663266150836401e-02
3.110268208910704768e-01
2.266450002486750381e-01
5.744092485257949396e-03
3.367364000465626617e-02
3.073834424666561094e-01
1.238190781922816397e+00
3.808469576087151198e-01
3.396537159895567370e-01
1.228144094837597455e+00
1.078007457100142175e-01
3.749214556643327145e-01
2.757167632742297814e-01
4.342867040859139660e-01
1.152957436373359679e+00
1.282127260471679131e+00
8.374131677925258921e-02
1.160601243198080779e+00
4.029258663915042948e-01
4.470060688843736640e-01
1.571954311893898337e-01
7.488536107009012566e-02
3.320182372467057608e-01
1.224310511868260454e+00
4.044503554424485614e-01
2.084020414430599322e-01
4.199988014551447879e-01
1.133036045905490896e+00
4.458314957184166816e-01
1.265432082111172640e+00
2.346144667979213616e-01
9.267499937832157642e-02
9.898644056902421162e-02
4.305143210546498456e-02
9.385735901002774384e-02
1.200379428272426496e+00
8.520111256456351645e-02
3.800506262076211450e-01
2.659067081279939404e-01
2.559559979580344757e-01
2.884765946169595141e-01
1.131368398488580063e+00
3.472673582770670064e-01
1.008302218055023014e-01
2.924704165044214044e-01
1.403477419757611366e-01
1.515848813045385102e-01
3.114202184631426618e-01
3.224001479810028048e-01
8.330900430610289897e-02
1.124549982428952655e+00
1.133391426677341718e+00
3.319319505971747852e-01
1.127959575348883803e+00
2.510040436080048787e-01
3.722256630292065660e-01
1.179335222286982621e+00
1.146387511537198201e+00
4.015097456802102505e-01
1.695763219865207561e-01
3.877752205778554062e-01
1.552206115164228295e-01
1.160566683304124214e-01
4.465137033150909374e-01
3.553284266892062782e-01
3.605880257474116668e-01
1.536865786739355644e-01
4.151410469352313087e-02
1.164296011010134413e-01
1.147376857085123797e-01
1.345776423200484295e-01
4.227629014308419975e-01
2.540259130976074142e-01
3.490533358405671360e-01
2.384033951129565544e-03
7.957840363782975324e-02
1.152053022295606910e+00
2.331156636073683508e-01
1.243955625284072913e-01
5.228479279674878855e-02
1.294021613778945312e+00
8.351846580428462508e-02
6.610348059488135863e-02
7.604122471568416919e-02
3.981746751118254157e-01
1.153535480343456321e+00
1.733152164219841501e-02
2.686583597588202560e-02
3.278882221799342411e-02
8.611284068396474201e-02
1.245011184243817848e+00
4.029484251017553809e-01
3.528579471856141958e-01
3.757025682768667663e-01
5.845905924152721561e-02
1.135362688753635663e+00
1.285940090441834924e-02
1.258577733611077276e+00
4.156111532040610013e-01
1.214498129576512486e+00
2.757704793963416390e-01
3.018526529388870783e-01
2.523982879225636355e-01
1.130565971318479690e+00
9.228280390875526207e-02
1.727386503899591697e-01
1.291533239878971617e+00
1.145880109715825780e-03
1.491758568443664890e-01
3.325834422628174969e-01
2.864453491993982914e-01
3.751607545686988510e-01
1.253030583588883307e+00
4.378556640407073597e-01
2.132487580471451385e-02
2.707661391734966783e-01
1.166871522897860114e+00
1.841153376719862900e-01
1.164204468944886051e+00
2.800553011392671876e-01
7.055251841987364436e-02
1.159263554186119816e+00
4.104144653131150400e-03
2.675913551242810051e-01
8.199083072750987244e-02
1.825559660502734105e-01
3.607740273789399321e-01
1.171443384481265726e+00
2.436020727100629557e-01
1.140898599455504758e+00
1.267248648579501813e+00
1.221821530210026319e-01
4.304931697252024070e-01
5.721593890138394062e-02
2.773689217089899683e-01
1.731404352152779436e-01
1.131048534814304229e+00
3.960305347203184612e-01
3.818081327633482958e-01
1.201687688842165036e+00
1.119992075714657670e-02
3.548636500970056562e-01
3.863106673971408722e-01
1.125675002562956273e+00
1.125182795013510262e+00
1.215871580719833922e-01
2.625948040674057071e-01
8.819365640692604369e-02
1.161434923197003144e+00
1.156919202782502820e+00
1.503845322551338182e-01
3.427011664164836824e-01
2.976295399007987674e-01
1.201603588742003126e+00
1.134665353389167741e+00
1.756231002482332160e-01
1.376741445365334826e-01
3.097869996652239388e-01
1.284354132230014933e+00
3.007026710218519971e-01
1.303846599325514388e-01
3.651253300299496796e-01
3.726710355709312861e-01
3.693249724215061369e-01
1.846575393223286732e-01
1.300752040581758251e-01
1.801453258570017146e-01
3.996520122077839576e-01
1.258755486312935101e+00
2.500538262229452524e-01
2.085472282536013355e-01
9.203631845633469810e-02
3.689964338499354124e-01
3.954758438169705403e-01
1.009158608162098458e-01
1.266566550913018396e+00
2.140070485120020849e-01
3.362361160030212237e-01
2.633091092490979501e-01
2.825938642491946928e-01
3.628061709194351642e-02
2.357120814322901936e-01
3.482708762939134006e-01
1.210548065318564070e+00
2.837949975754678472e-02
1.153395686981302681e+00
2.110620397809422899e-01
1.114530137756249012e-01
1.841890546712389720e-01
4.054962011756669260e-01
1.133050025365932800e+00
3.396694134310556112e-01
3.755241398890131199e-01
2.760759330115049592e-01
1.131189447120037439e+00
6.472369527963292568e-02
4.574532022542137505e-02
4.120296039758076789e-01
2.096543417336595716e-01
1.032289790941929436e-01
5.729139169084251221e-02
2.158377362286562628e-01
3.972106830579100190e-01
4.510467358016463923e-01
1.153537886271703394e+00
3.068758356271394927e-01
3.724129507232031844e-01
1.124200199302529457e+00
1.173430420492928228e+00
1.201246733702097780e+00
1.259468702906537535e-02
2.924779610327746943e-02
1.129460609718969666e+00
1.124981019835494811e+00
2.553498923991535247e-02
1.606624123519022063e-01
2.598769925338416109e-01
2.871804227065846704e-02
3.763476948133460676e-01
3.389385873359226364e-01
1.189964266475428689e-01
2.988632459678363107e-01
2.676051005307932829e-01
4.210220018824920030e-01
1.219787667271473808e+00
3.935473872651379379e-01
1.241595460658073913e+00
3.493818854975573873e-01
1.433254050173787819e-01
9.585532803729232554e-02
3.715420536376120575e-01
1.137900405669803661e+00
1.311038906117879543e-01
3.428895186219624303e-01
1.149269704985380391e+00
7.976974152926830097e-02
6.403534035590424667e-02
1.227344463614798320e+00
4.663017317403001655e-02
1.258657484700848928e+00
1.163172155271650965e+00
8.709168638294081943e-02
3.898668200035325104e-01
8.708024152749549440e-02
1.144902430800782023e+00
3.931075699334978246e-01
1.399913698322585165e-01
2.431647750537984931e-01
1.865629983950090609e-01
1.188516923757899080e-01
3.028139987893521332e-02
1.127580084697997753e+00
2.304508284971453630e-02
2.819967509308530795e-01
3.474262872822650450e-01
2.678638769451571200e-01
1.175292688878748937e+00
1.239515568414031321e+00
3.882973189916089085e-01
3.333646095344544591e-01
1.126627131928473524e+00
1.124495459450856494e+00
1.136850035950972337e+00
3.084700247204602008e-01
2.342628475351517803e-01
1.212015303863304583e+00
1.051797571270648435e-01
1.267328482908030018e+00
3.325775246333865787e-01
2.150375342746637941e-01
4.224910398730096217e-01
1.282602191208647380e+00
3.356592585758198521e-01
1.826441357804917121e-01
2.956259168546668259e-01
1.236373568129793821e+00
7.010821871891279033e-02
4.326958699940145481e-01
5.642383472072519390e-02
8.487313608992039238e-02
3.802313740914665952e-02
1.982933251042802783e-02
2.335384863920599852e-01
1.135497698965154845e+00
3.775306103719439643e-01
3.966742700536746158e-02
1.621336577269710255e-01
9.255044178569676872e-02
1.212379287854404408e+00
2.495479459708924153e-01
9.420449150863477450e-02
1.198572681753199420e+00
1.324360657786665119e-01
2.658179414226041204e-01
8.255239258922930645e-02
4.163518570699006882e-02
3.382755719170555953e-01
4.059417018922275577e-01
4.120219691502310377e-01
8.369191389977306827e-02
2.237939321902825962e-01
3.821001708630450966e-01
2.715843180499170062e-01
2.792851823527771615e-01
6.441041765225818255e-03
1.214759329657027598e+00
1.426802640837728786e-01
3.675366263721722149e-01
9.462387020324841691e-03
4.315497510443195295e-01
1.156734216909080182e+00
3.991264763406583427e-01
2.316218830647648885e-01
3.476882662714110284e-01
1.241392929812597412e+00
1.410558091372004497e-01
2.988184109878142536e-01
6.187272551630179640e-02
2.935588683014200284e-01
1.286657338396527850e+00
1.686243521323340655e-01
8.636388116190892028e-02
2.916466553292442199e-01
4.067462039904711779e-01
2.729582840599284466e-01
3.061909003629950665e-01
1.284012529842198380e-01
3.894146053513839467e-01
1.135455700680887137e-01
2.243280437234241587e-01
9.374532985169370392e-02
2.427840846653616103e-01
1.251075846269667391e+00
2.507742472590406280e-01
3.499977098632727629e-02
2.587814770138138210e-01
3.488069769117535524e-01
1.168937256624726084e-01
3.885982341281277175e-02
1.172337624070906248e+00
3.557151370636858490e-01
2.721599508015783153e-02
3.388584137625037518e-01
1.070011473369785332e-01
7.026386309157693633e-02
