2.562530110452347909e+00
6.697771907892345611e-02
3.705862156027575072e-01
2.415280587222871311e+00
1.375676946943770740e-01
2.426185854794190799e+00
3.768316243680568389e-01
2.431388254103758140e+00
6.787985813160682391e-02
4.165052483459712462e-01
5.528805948310151486e-01
2.418615564742107260e+00
2.189276856302863894e-01
2.446118545935620947e+00
6.876712553237288028e-02
3.642413527105237137e-01
2.434764810626153686e+00
2.461191440790297946e+00
5.792790585616818255e-01
2.829280867291693036e-01
6.422938418760804069e-01
4.656937817898989529e-01
4.835744049683786128e-01
4.843995205594620046e-01
5.586029892736201104e-03
3.099851771682571311e-01
1.199583793303246604e-01
2.980758022151571152e-01
4.683672088385771870e-01
5.241273818583536137e-02
3.106782147906838043e-01
4.839816268837253133e-01
2.432387125967771624e+00
1.134287315670826773e-01
2.693100155649694183e-01
2.450729062771708211e+00
2.498490230091779729e+00
2.412181212951062026e+00
2.412753175794005500e+00
8.005678752517880747e-02
6.314239112950427446e-02
5.135684720768655120e-01
2.425252381043887517e+00
2.484042059957645154e+00
8.813323049703487844e-02
4.715244730775722815e-01
6.773474033253098492e-01
4.546208064733008314e-01
6.885120475055686584e-02
7.194319347625492689e-02
7.750967452643583999e-02
6.770553208307011905e-02
3.901478013699755110e-01
2.515208397815747787e+00
2.540399608172360324e+00
2.439387302663122536e+00
5.355976074711006341e-01
2.750779918719582079e-02
4.984050216487929674e-01
5.359567797713612469e-01
4.686098908737258428e-01
2.418447679238767023e+00
3.534245588585342018e-02
4.836945740495688373e-01
5.143283066793077341e-01
2.400807029713375229e+00
1.188876297751353950e-01
1.198637149700494675e-01
2.385274031890376012e+00
1.667720093328925457e-01
2.500145353833146622e+00
2.494697406499863490e+00
2.849228787004756680e-01
9.372367361647856998e-02
1.392587602647916145e-01
2.682983466634711670e-02
1.257524983549678232e-01
9.683584980130532927e-02
2.454722103395393429e+00
1.676321817761143029e-01
2.610248034334657907e-01
5.379918719398951721e-01
2.452731891877309778e+00
3.387771248410326730e-01
8.850836546484859568e-02
7.327438628195986903e-02
2.436307339772417091e+00
2.395906370151030362e+00
1.367962596560466648e-01
1.398297588139980063e-01
2.393939970847620557e+00
1.884610648134546484e-01
4.864911406102619823e-02
2.437308628657285148e+00
2.405972258965093147e+00
2.489088906580271821e-01
2.435019200973005837e+00
1.774434169658088423e-01
2.085830608138289355e-01
2.918321596208489077e-01
2.855521059495717551e-01
1.100193504264592864e-01
5.271265024677028732e-01
4.693713433146691205e-01
5.844802388694352313e-01
4.708872478895992364e-01
6.789846868974362681e-02
1.835599501709033465e-01
2.374907835259999267e+00
1.606040700950878142e-01
2.524489064461544530e+00
2.456114818165367364e+00
2.469673077966441088e+00
3.900117019668187801e-01
1.222959065577303439e-01
4.924076722964569885e-01
3.933627023959473945e-01
2.394576908520364089e+00
1.766410419800526488e-01
3.133697755178321831e-01
4.145866690128034437e-01
1.205099244382041856e-01
6.044689836799872762e-02
6.522897620964650534e-01
2.568436777347736233e-01
3.329111018204226058e-01
4.950574150146148655e-01
5.096578874607875509e-01
6.186339595044999529e-01
2.678246214726073826e-01
5.172781892698478101e-01
2.626015240524599559e-01
2.423039553955164571e+00
5.229094399801186288e-01
3.043480109091128427e-01
8.393853909803428159e-02
2.548450878517993345e+00
8.793184842995449557e-02
1.226720182409087173e-01
2.301417944418418515e-01
3.072982138280304643e-01
2.466252228921011369e+00
4.911144501764590498e-01
2.666414097623828194e-01
1.984542916336995699e-01
2.500857330707668247e+00
2.556223709190971416e+00
1.699556201839153013e-01
1.809654009621683712e-01
1.809860974039508852e-01
1.484851619332924200e-01
2.406088759112023467e+00
5.317783267971890604e-01
8.189060039216820852e-02
2.503369267208190863e-01
5.796963041120700710e-01
2.516772722195229406e+00
1.268111744924621531e-01
4.517402616630561973e-01
2.509102244887077227e+00
2.511413754529185915e+00
2.467768343625780236e+00
1.476314164892396086e-01
2.450032464682661448e+00
4.958919818866490692e-01
1.585799592003299396e-01
5.041720400780539402e-01
5.210930651350020870e-01
2.388059130509247563e+00
5.311520189339399151e-02
5.016026550186799549e-01
8.490369053596774629e-02
2.423281581287011210e+00
1.827804771640906267e-01
2.831456494104390292e-02
3.341633166582103076e-01
1.302736465185713455e-01
1.174917934084042104e-01
1.456036442915794038e-01
3.070497899202686010e-01
7.388657594818583141e-02
1.871447530983363222e-02
2.398200253133840221e+00
5.199960200149665868e-01
2.916064362441181390e-01
2.500640849138137112e-01
4.714688709327382043e-01
7.656566848968741901e-02
2.471018347866626108e+00
5.955810133629809711e-01
2.516179162336809050e+00
4.586130527470482221e-01
6.605980866404642660e-02
3.975432047434335203e-01
2.488490182305586718e+00
4.490855621960053168e-01
6.103435869879259013e-01
4.480981823916836415e-01
6.454017026914528055e-01
2.838687300130018354e-01
6.572985524482454212e-01
3.479368349393028303e-01
5.045353479967860100e-01
4.994930984620540304e-01
2.870822575409059940e-01
3.486040984976283008e-01
1.418601220862540091e-01
2.472573065285313731e+00
2.418557803121483829e+00
4.459164961076127198e-02
1.937774906028245647e-01
6.236883687937813114e-01
2.765172886206519465e-01
2.432632050859858897e+00
6.409810837166850239e-02
4.487649200185837572e-01
1.502814512490683319e-01
8.133355708315660737e-02
6.481154459886581676e-02
3.504400184708988397e-01
5.087079347029550558e-01
1.416382984232317788e-01
1.130860202809904902e-01
5.268595690160021716e-01
2.945106722587189640e-01
3.455578722564115468e-01
2.185189623034008155e-01
4.017134945716502870e-01
2.547966799293986728e+00
1.132824929650252110e-01
5.346174732354331827e-01
2.448660572798095902e+00
6.048458553546043337e-02
4.700266922623166366e-01
4.557427340528737991e-01
6.891944142702231824e-02
3.080951037602150042e-02
7.162271556702699826e-02
8.601528760938437213e-02
1.501737780226323205e-01
5.553674428021425635e-01
3.881705605773389522e-01
2.688656519247767385e-01
1.531919921475662638e-01
4.129564082391571911e-01
3.716551165464338502e-01
2.954346038858027823e-01
2.484002864311813941e+00
2.558619530615510174e-01
5.453932631087914790e-02
2.427227454201127177e+00
7.626062996312431286e-02
1.059280758625807117e-01
6.417515736190327891e-01
2.563344865870043621e-01
2.375544195430516314e+00
5.084344704831437189e-01
4.494115597392611128e-01
2.405854003684502640e+00
4.797896823776621189e-01
1.031092426787546396e-01
8.022863811828168101e-02
1.104746840664519725e-01
2.410817263361683338e+00
2.355395439105945898e-01
2.431630560654622908e+00
3.780754980378983054e-01
2.481187835835342526e+00
8.696146861681924856e-02
1.681602863787982211e-02
3.130646199634155025e-01
3.246648968844625394e-01
7.890953505462600104e-02
2.431985917292362132e+00
8.837380686273137165e-02
6.068081032489083260e-01
5.921904118022384145e-01
2.387925968311996883e+00
2.557186070996633198e+00
1.769804859216775605e-01
2.962279999721134094e-01
4.109460202810293339e-01
1.493038621598404281e-01
2.560800836251658996e+00
2.445128273272400676e+00
2.475329093008397763e+00
2.511326757324925829e+00
4.553449043900484883e-01
2.874330628118837785e-02
2.778754139628880626e-01
6.560034959868454862e-01
2.405281677147331695e-02
5.389586474295657847e-01
6.383146684442411734e-03
4.565894942937104295e-01
2.592270216448124387e+00
2.488411213782553144e+00
4.800330637157599334e-01
9.573513228187455204e-02
4.380681203141583713e-01
2.432815025634974759e+00
3.612757440061066805e-01
2.936599501774811438e-01
5.947461688530525370e-02
3.171954395608893029e-01
2.386778625790022534e+00
6.080058226455863774e-02
3.207424597424317625e-01
4.332216725781877220e-01
1.165180651665580491e-01
1.283577816054348453e-01
3.374979566280558174e-01
3.476965262631478426e-01
3.684096424825489269e-01
9.981332580105811703e-02
4.697988967883182654e-01
4.809637830391628732e-01
2.254959186473186605e-01
7.354354732795637117e-02
2.991217524157727126e-01
2.047954774947305101e-01
3.088718435541151774e-01
5.309717223770475947e-01
2.397471235063192374e+00
4.702197842628432212e-01
1.066747878737863142e-01
8.454450973608484965e-02
3.125976696223944362e-01
1.162877248075000480e-01
2.431744465663947086e+00
6.635529836073755794e-02
2.696342609172435734e-01
4.778493766033867773e-01
2.384048822270635970e+00
5.543837142333027934e-01
7.210658105639994320e-02
7.530343283579654656e-02
5.622919930254156179e-02
3.901075538457582717e-03
2.567819878311085047e-01
3.266403465039587339e-01
5.008318742651473032e-01
1.642105704891366480e-01
4.583193293223897236e-01
4.640885353438422567e-01
2.780083241547819384e-01
3.088920177020273994e-01
2.583586408033086146e-01
4.790602501367665078e-01
2.656990382750091806e-01
6.985112242250202108e-02
7.034318617934245954e-02
1.117407501299186035e-01
2.425611909923342413e+00
7.127698381918409765e-02
2.606151011611804735e-01
3.761798253607444020e-01
8.221141465844412910e-02
1.426868006807830436e-01
2.551790899290850567e-01
4.537562809241744710e-01
3.346994768076477778e-01
2.455647972247148481e+00
5.438007825229736192e-02
3.068759910180756667e-01
1.860969377293231752e-01
2.503451687209262477e+00
8.797284384382289546e-02
1.178194873090274014e-01
7.416232928101702815e-02
1.391936088218818923e-01
1.101259418812074453e-01
6.931915080757530823e-02
5.139197302268689871e-01
2.392968003473142868e+00
1.269860241279548996e-01
1.212825631524278858e-01
2.380514410440579987e+00
2.493448857882892611e+00
9.703929626339310999e-02
2.407899355697749932e+00
3.293347784161961833e-01
2.681143332862694906e-01
5.991168138511859809e-01
1.393741722481632861e-01
2.437795897677972334e+00
8.877074143219947089e-02
2.815398473784767042e-01
1.482939848070147504e-01
2.895410446412828298e-01
1.128458751357765966e-01
2.527742636564760836e+00
1.920413121482370533e-01
6.630564575944020156e-01
6.068742960681738907e-02
2.564819905738040529e+00
4.655294138934069070e-01
3.146911518654906259e-01
8.498483961313522961e-02
1.115042597614326753e-01
2.435500672467289629e+00
6.872314097034422364e-02
7.521538577134112558e-02
2.391801714316710736e+00
6.058977526259238244e-01
2.376080405813135954e+00
1.152350991716625528e-01
2.027356897168682837e-01
9.409692628902314657e-03
2.703075533014774878e-01
4.895686389431354590e-01
3.033891522245906192e-01
6.681541178902586364e-02
1.284230347805143113e-01
2.492218122204040931e+00
2.399863011035164195e+00
2.383968134408405160e+00
4.914206307743142210e-02
2.448123344911777188e+00
5.193902948931865549e-01
1.961561779113926707e-01
2.445822693721713570e+00
2.399823022909114201e+00
2.390942681097162126e+00
2.400005532626514615e+00
4.043468652395764140e-01
5.331396838934312349e-02
2.452753091893876025e+00
2.457282738677307066e+00
3.381966265168585561e-01
2.441254124324819141e+00
4.689356834326744439e-01
5.027653732965450262e-01
6.065731053629824787e-01
6.090095811204256776e-02
1.213828861156707739e-01
5.188428407167149370e-01
4.782778597094157758e-01
5.135596766215756448e-01
5.674800690473223996e-01
2.091863597831066235e-01
2.598451801333045985e-01
2.662223013176045483e-01
5.247862433543619698e-01
6.954615734332082744e-02
1.480814402306165345e-01
2.385862315586491977e+00
5.671383723675389732e-02
2.450853117495995992e+00
3.808356416881989448e-01
1.518437675246299967e-01
3.759082174027049694e-01
1.950835550196068358e-01
1.052838597689473160e-01
3.025972419355900112e-01
1.388086881383747972e-01
4.167021808073730904e-01
9.233405496110792809e-02
3.575396692249165065e-02
5.091890174282600601e-01
2.824782057512880695e-01
3.619523413665963751e-01
2.394915108314666252e+00
1.122907512930358953e-01
1.506273154090478905e-01
9.345320718303232188e-02
3.067980024668503503e-01
4.681146595213415695e-01
2.438601855606219448e+00
2.434398299629073836e+00
4.935892696477052199e-01
4.636031153618135336e-01
8.435036051455141459e-02
2.394914602021830596e+00
2.500776290164772764e+00
5.684976095640499327e-01
3.183984488725070672e-01
2.387611323431404031e+00
2.600719511644666859e-01
2.570989564738871636e+00
2.401749998363596372e+00
3.323933282372491804e-02
5.489869082025666119e-02
5.457800583968378527e-01
2.441838676923213214e+00
2.424964862126435694e+00
2.245685167033388829e-01
8.680977205898281202e-02
4.143228511153504434e-01
3.164648750767461161e-02
4.843833716887196994e-01
1.233335714053776649e-01
1.377298591012314499e-01
2.952496879083528758e-01
9.761988366828086572e-02
5.344580796166784227e-03
2.473208494859849282e-02
2.423246086982310477e+00
6.586175495360448995e-01
1.288334776862130049e-01
3.501075907733495196e-01
2.394809873424463387e+00
3.769917539550828728e-02
2.397652887091433538e+00
2.468533774450817897e-01
7.604233398432470870e-02
1.168117754932697372e-01
4.830246083921631572e-01
2.489510642232343418e+00
6.919082239803119316e-01
1.357718610192816255e-01
6.686442771332775648e-01
7.826626831374662585e-02
2.976309152042434097e-02
6.237508190889725634e-01
4.607975521226547744e-01
2.454199608947847944e-01
2.411996779424645077e+00
5.727263997761204012e-02
2.795742191043180669e-01
6.448776892965771834e-01
1.943493246989516088e-01
4.927882852176231898e-01
5.965283544747674860e-01
2.388916275232844111e+00
2.647894351190075990e-01
5.105836515556584354e-01
2.385989536832370028e+00
4.740970566471762737e-01
6.476730033519046970e-01
7.312561178885440549e-02
3.537671938922573589e-01
2.501558903582057791e+00
1.541699310198165196e-01
4.092104455652921802e-01
1.457291980351167748e-01
2.489361703794499836e-01
2.863060804099633594e-01
6.403171514937500142e-01
3.091488502148042466e-02
4.734957315705132230e-01
1.798527338491870131e-01
1.515306607744039136e-01
7.010819360824224744e-02
5.227663565946322199e-02
3.128767000541750609e-01
3.110371013166230436e-01
2.315543023309384399e-02
3.009019876025964199e-02
2.368575161555943165e+00
7.607333933195217779e-02
4.773987873611773014e-01
2.434530995698778622e+00
1.109544760100492772e-01
6.918863966146672484e-02
2.450470891797579265e-02
2.808170434810941529e-01
9.685768272295595949e-02
6.369707384168096231e-01
2.427321687979672404e+00
2.397625136938061008e+00
1.218188875381478187e-01
6.899816213948786747e-02
8.305226024693423970e-02
1.924026506272481507e-01
9.892606722707555922e-02
2.394906698112321486e+00
5.933047167252746279e-01
4.413442269328849421e-01
4.031503931327267698e-01
4.443560722442129185e-01
7.635832113314762470e-02
6.384418169303935908e-01
8.548804349353843202e-02
9.773145021169120372e-02
4.181242267961552961e-01
2.726877677028917146e-01
3.534714386621782278e-01
5.096582062876373609e-01
2.380262473897485354e+00
5.685882274807266823e-01
7.294152471887892231e-02
6.914455400572167010e-02
2.477232707404437295e-01
2.760563670329747865e-02
2.777237588031189475e-01
1.020917946254838032e-01
7.857473783531436495e-02
1.178893740526454348e-01
3.082935768048115643e-01
1.621264012857749071e-01
1.885878479192764842e-02
2.411904695399267329e+00
6.507332092657965861e-01
2.429225298248132603e+00
1.924810354923986444e-01
4.099042914916450897e-02
4.529133995674381463e-01
7.402032945029145272e-02
6.283961213932649503e-01
4.771546700728098722e-01
3.122004118937473094e-01
3.225643004644749290e-01
1.187439429400836272e-01
1.205504666947533055e-01
4.397281956526147839e-01
6.695246536292930040e-02
2.169341203655194283e-01
3.031125718073987563e-01
7.007886885322957282e-02
7.829664391480227470e-02
7.231731182193656959e-02
2.419789056758308465e+00
3.738534583979715720e-01
2.437840728017140357e+00
2.839994975196897808e-01
1.160475709164958402e-01
1.828993116929653051e-01
1.201863812154304323e-01
6.999744517760879414e-02
6.142256793186889885e-01
1.286342309153689356e-01
1.018628732221950328e-01
7.069269650642781566e-02
2.431444844537324013e+00
1.149900607070019481e-02
4.623015796349967954e-01
2.499127225406492236e+00
4.600316832712416093e-01
2.437922724738926572e+00
1.435424897948328615e-01
8.324537347634749021e-03
3.624412578378390787e-02
1.094432853325779664e-01
2.451067386865119158e+00
7.726899598234968081e-02
2.200695681655593372e-01
1.740395702555946333e-01
6.186915692520977145e-02
2.396187172625077633e+00
5.904636876926228073e-02
1.224233950378311314e-01
4.792985835636932035e-01
1.221155558922085854e-01
2.447448909395587791e+00
2.980875922738214223e-01
2.379894698069018766e+00
4.624217487309745800e-01
4.768828850133485231e-01
2.511376117998936675e+00
2.109448369802013334e-01
1.647444314961492851e-01
3.238920434608030807e-01
3.629184309536971909e-01
2.469561157994324407e+00
4.958679860079898138e-01
8.585752419595929497e-02
1.678013734788750821e-01
7.204541585817159088e-02
2.117177697216431065e-01
6.320349417119464075e-02
5.092929933792423869e-01
1.021947964404860409e-01
2.826439978602026670e-01
4.028219748197975347e-02
8.177240843369326662e-02
2.828423614101538974e-01
1.130703961846812600e-01
1.726991723350301267e-01
6.374339962892443534e-01
7.235473042178822145e-02
1.421698550238424119e-01
1.410448100096647894e-01
5.547431834872511569e-01
2.234152503627896968e-01
6.255089077535247455e-01
6.004392741700811387e-01
2.475896184980283188e+00
2.507201780829172999e-01
1.375771827093782429e-01
1.376786629396073436e-01
2.467922362010358750e+00
8.561845133751555537e-02
2.550606047776000640e-01
5.218942283836034424e-01
7.267822379313298997e-02
7.485775099708716351e-02
1.525933955356043592e-01
1.124297902373779384e-01
4.807051334586764924e-01
9.326475754951206454e-02
6.007911916841376931e-02
6.162277807019103104e-01
3.606731002652165952e-01
1.659564925936196367e-01
4.002546712204524404e-01
2.408831545792824436e+00
9.092448510128982309e-02
2.509847616152528271e+00
2.947965758171257056e-01
1.219025042901713957e-01
4.709006154363611918e-01
2.740495980003299636e-01
1.293751774278049382e-01
3.836092798199668419e-01
2.079487203268381712e-01
2.405401042742894013e-02
4.666400167076703021e-01
6.193155026314239864e-01
3.217052513466807095e-01
2.395060060629095489e+00
4.540462478252499379e-01
1.146365701031953066e-01
7.756427416618631721e-02
6.946458861251079975e-02
3.889474389333058557e-02
2.022266209229817147e-01
2.750429853182213003e-01
8.308570989064653634e-02
2.386348901570912950e+00
6.649781336696213019e-02
1.615323760999853309e-01
2.381065227787877436e+00
6.813479386944707450e-01
3.075686771336540448e-01
5.100555628613256953e-01
2.392125572697732405e+00
1.094337796031360083e-01
2.494434494796840429e+00
3.489620491462473717e-02
4.607059271485540453e-02
1.207245811439610628e-01
2.814483731570447400e-01
4.881778157914000715e-01
5.385644389608835736e-01
2.573670260673169841e-01
1.032213314350579891e-01
5.086082900645962912e-01
2.473508032971728721e+00
2.442714090377048564e+00
7.365214890480728527e-02
2.414030164966960434e+00
2.432742199074086287e+00
2.501086200566262185e+00
4.837718532568821006e-01
2.436110134954625028e+00
2.425485227385135278e+00
4.058169476797485187e-01
4.290618976171474142e-01
3.319335817862133498e-01
5.275314804453355988e-01
3.047378950494727956e-01
1.577038619070661452e-01
6.083077389030824289e-01
2.482995928494514004e+00
2.048788650751719453e-01
5.441441555766884930e-01
6.027916215536588407e-02
1.854566132491237695e-01
1.509197351027843081e-01
1.275556724158911082e-01
1.710972793579192408e-01
6.207556974549921502e-02
6.176713066798172197e-02
4.981062823612866231e-01
1.071735010004047917e-01
1.516148972770450243e-01
1.383631734826171744e-01
2.493257378549375236e+00
5.114227048000473674e-01
2.430472093276492718e+00
3.250982499955001881e-01
1.488907075302549621e-01
1.080013579809805530e-01
5.269784017054391922e-01
3.138442362596037816e-01
3.136051949968281516e-01
2.150759398626814201e-01
1.149122261112864030e-01
2.104780659102131191e-01
3.646483026434620411e-01
6.555685200720512418e-01
7.120287880977532735e-02
1.329358684570643157e-02
4.757132759644452924e-01
5.177337697345653078e-01
1.645365827685911775e-01
3.204183716435151652e-01
4.555403340959282010e-01
4.672435431592418809e-01
8.765455452799558733e-02
6.578032639739926635e-02
4.999036673257109542e-01
5.599427780318653181e-01
2.399463585986350012e+00
5.313148529037109435e-01
2.591298967017318655e-01
2.787590466208824114e-01
7.702276318864266502e-02
5.218702258986079867e-01
6.851637877296050394e-02
2.804721484470142356e-01
2.506377726963664898e+00
8.233057434715561340e-02
6.576170691704427695e-02
8.963736440064654087e-02
6.142687909941632607e-02
9.665081999619280426e-03
2.471008083464725669e+00
1.140100325767870182e-01
1.866788248529147598e-01
4.703067616325235512e-01
6.270376952811963500e-01
3.030322011842236929e-01
8.591405183738404228e-02
1.178532021367554306e-01
2.422598704905374323e+00
2.396235916293540935e+00
1.711650610006106854e-01
2.378273705657755421e+00
5.606708274826830429e-01
2.477170768085408259e+00
2.048063503366035487e-01
7.536143775433093439e-02
5.775189437906024653e-02
3.370096075742875369e-02
5.697838634166610960e-01
2.510727003201504104e+00
2.504693337767581518e+00
6.784489259068389455e-02
2.464391750313344787e+00
3.788598548374675357e-01
1.202334229114437325e-01
4.813114997290062202e-01
2.386419164584492048e-01
3.021607853669057708e-01
2.418653068516420923e+00
6.189953297005725691e-02
3.842930471765101854e-03
2.278132712179062602e-01
5.187096393273644690e-01
1.852840285971609491e-01
2.672671730391618095e-01
6.285207283790952837e-02
1.389539045955280050e-01
4.615489829793012477e-01
2.501159825269712034e+00
2.248189244440889148e-02
5.043995707357402658e-01
3.200532790773210623e-01
1.027390295458127378e-01
3.721209819445983613e-01
6.135197852557177089e-01
2.498592134289975508e+00
3.417440820255862599e-01
3.181623179645857169e-01
2.683001672086955391e-01
2.449613505517068912e+00
2.434402431177573600e+00
2.320963994144281325e-02
1.663645436676896017e-01
4.747445052009378053e-01
1.641423377518171633e-01
4.159674821278498968e-01
1.015921175194415271e-01
5.648799322480927421e-01
3.892949957480075773e-01
2.424361219161121017e+00
6.528703566261723212e-01
4.730571130288139803e-01
7.367904614256645668e-02
5.055543851179948867e-01
2.906206098166765339e-01
2.543139490120269741e+00
4.768282191825445326e-01
1.696954817005157934e-01
6.019788502105309635e-02
2.457358949502750800e+00
8.983808978770199682e-02
5.952465063147368562e-01
9.601734272726313024e-02
9.773793322272256168e-02
2.867220153406879746e-01
4.936555466546511117e-01
6.393650661470364760e-01
5.224442885447376783e-01
2.531744268724522295e-01
4.739762904202167726e-01
1.317587183739781231e-01
2.506350150993750692e+00
5.413642945453049915e-01
5.346448551187502618e-01
2.696608495144459106e-01
1.692859325112675839e-01
2.508120193535711362e+00
3.839077467538737354e-01
3.910096945404893387e-01
3.097041423400737625e-01
2.027706267264599849e-01
5.254429993115413700e-01
4.986090604194084452e-01
5.032712928370158822e-01
2.405746264381342314e+00
4.678598171010117657e-01
2.391667031859948001e+00
2.366093035605830508e+00
9.378714640296006988e-02
3.214072277559907320e-01
5.303363329772577961e-01
7.401934539010904257e-02
2.736110559793408226e-01
2.631963365506388430e-01
5.076919627460071416e-01
2.600038714635744541e-01
2.428173721590849876e+00
8.132217746478284659e-02
3.137409953101538695e-01
2.437327149268272652e+00
4.603078971359063631e-01
3.078269281034776705e-01
2.444084235735866528e+00
5.187347373632225089e-01
4.376916494153879622e-01
2.271472282765700790e-01
5.145563185914554527e-01
2.477704945948463244e+00
2.378107128808501614e+00
2.694226588799798483e-01
4.688881529066787346e-01
2.408703450338637975e+00
2.631506271271235597e-01
2.543746847340589312e+00
2.449767114293754044e+00
4.851877650033385447e-01
2.769475099911353211e-01
4.215285145927494814e-01
2.377886020442411041e+00
4.700321199680425055e-01
2.118739511007884935e-01
6.888100064981462767e-01
2.512007060834460792e-01
1.917093870652462617e-01
6.327557658508226046e-01
1.261207174331215874e-01
4.664860984324494808e-01
2.489024671208383666e+00
2.716446654774970493e-01
4.232270255397335701e-02
2.578201486291522126e+00
2.671666574978641129e-01
4.594573982080183416e-01
4.817901156037290855e-01
8.111387718509409372e-02
1.172414276980725811e-01
9.595107652084139405e-02
2.429106755482643543e+00
1.301063488235855437e-01
9.870217629231105294e-02
2.492876726424483547e+00
2.093937487748587511e-01
9.245717919056029022e-02
3.804578227477728447e-01
8.124345144651966277e-02
1.177391894379113957e-01
3.495475167697512653e-01
2.453969129686210948e+00
8.012383638781664374e-02
3.185205227970235864e-01
6.606386333535251010e-02
2.394436053119916252e+00
5.180193707005356085e-01
4.267247152009946420e-01
8.214912293504843255e-02
2.096120506303744135e-01
6.240737880377742602e-02
4.664022369783099031e-01
2.162741433942480529e-02
5.051085304163082101e-01
1.669050793536692723e-01
6.238746461378918279e-02
2.274471584417049330e-01
2.440725357832938869e+00
2.580844661253987038e+00
2.811769949995900353e-01
3.120438815922960130e-02
4.922525473151454500e-01
1.517453154845678498e-01
8.267840238972171130e-02
2.496576835262958038e+00
2.443965492190059763e+00
5.335372582903981087e-01
1.226458498734158964e-01
2.426405307725854055e+00
1.290442360805808542e-01
2.419559612130568471e+00
2.801754861068499469e-01
2.338614558077056205e-01
6.624848848955466885e-02
2.463840998939578864e+00
2.090413882794274827e-02
