4.571039724001045898e+12
9.612024022209478269e-02
4.571039724001010742e+12
4.571039724001016602e+12
4.571039724001069336e+12
1.188590502367921353e-01
8.021653090580531387e-02
4.571039724001064453e+12
1.203497731651266556e-01
4.969456849578870461e-01
1.048008571695642661e-02
1.259696623637161783e-02
4.571039724001094727e+12
4.571039724001076172e+12
3.180276470386338150e-02
1.612991476954920844e-01
8.790910537597874941e-02
4.571039724001086914e+12
5.075361201867038818e-02
8.371726964152987824e-03
4.735287581947814073e-02
5.071581228264193664e-01
7.903767420619017825e-02
5.091327223254560330e-01
2.916384164880393357e-02
7.445241047932327216e-02
7.371831760590236149e-02
4.571039724001021484e+12
4.571039724001084961e+12
5.743608954315816695e-02
9.354204022392514917e-02
4.941122214713589700e-01
4.571039724001161133e+12
5.330005535727631860e-02
1.623865785762421132e-01
7.412188946688054447e-02
5.611306433369288998e-02
5.012284764037800988e-01
5.518194630116143862e-02
4.571039724001116211e+12
1.146099680419612916e-02
9.726061071790595425e-02
5.778890324798094391e-02
6.525968863670467135e-02
2.447582973915453028e-02
2.777743443433550175e-02
6.154461753461906715e-02
1.017107575201626618e-01
6.326065641011425003e-03
4.324719106700641857e-01
1.693579946509779152e-02
6.595216059331643343e-02
4.406888835399519477e-01
4.945731500908165379e-02
1.657087226262849433e-01
4.571039724001208008e+12
2.478013797502488791e-02
1.077397873366106318e-01
8.377303424003881838e-02
1.353788932998144234e-02
7.741111238932517347e-02
5.662604944974185261e-02
4.422298480174777224e-02
4.571039724001009766e+12
4.749228491741185054e-02
5.077569050301362630e-01
4.571039724001042969e+12
4.571039724001018555e+12
5.179877928759619998e-02
9.642222269876027374e-02
2.312465320243235756e-02
4.571039724001046875e+12
4.930104941520248585e-01
1.095491609835127222e-01
4.850645676268594553e-02
4.381945943927566534e-01
4.571039724001047852e+12
8.500045393753363765e-02
4.835820551566048092e-02
4.662488470624963632e-01
5.112581047997105665e-01
4.571039724001095703e+12
4.571039724001241211e+12
4.571039724001019531e+12
7.079800058789803563e-02
8.959551123838813830e-03
4.571039724001133789e+12
4.819018772896663250e-01
5.092457692252931878e-01
4.571039724001129883e+12
1.124116425894320925e-01
1.288699749721145815e-01
4.571039724001032227e+12
4.571039724001151367e+12
2.787752863729179784e-02
1.041481807729082443e-01
4.571039724001115234e+12
1.180067251321546135e-02
9.515686263215886176e-02
8.607165864978498504e-02
8.967326239874009400e-04
4.571039724001003906e+12
1.880877817851163980e-01
1.198412870155480918e-03
2.888479827036869937e-02
7.362885339140155805e-02
9.764643382476619060e-02
7.559908502972217427e-04
1.868862078550183672e-02
4.571039724001046875e+12
4.873128432481087513e-01
5.079987201566162902e-01
4.571039724001015625e+12
5.301443024385788655e-02
2.014278000314338041e-02
4.448744084532075260e-01
4.713647374280440228e-01
6.167709375726733168e-01
5.719042071364669605e-02
4.571039724001156250e+12
3.586029723471874375e-02
1.391090026847918715e-02
4.465893055323220118e-01
6.739773580167393585e-02
4.823571991537533576e-01
4.355439143332249241e-01
4.571039724001035156e+12
2.048209374539931849e-02
7.087079743718108227e-02
3.632319837832981985e-02
5.445061595830624768e-02
4.571039724001053711e+12
4.571039724001054688e+12
8.173221425434264165e-02
7.392584894950379737e-02
4.412449329590910074e-01
3.202738373045867747e-03
4.571039724001004883e+12
4.571039724001012695e+12
3.279160371996822643e-02
1.507631507354679212e-01
4.339261205202661897e-01
4.571039724001095703e+12
2.557834518546361902e-02
5.042199508928407736e-01
5.694260089212631604e-01
6.237158166808287607e-02
2.180872470054084911e-02
5.524755572060990189e-02
5.347514233381768234e-01
9.987275831083362171e-03
1.366694007919461162e-01
5.903127595027449215e-02
4.571039724001058594e+12
9.142286874652679612e-03
1.457156983583817941e-02
7.147382002741552165e-02
5.026981062246764775e-01
3.261820730624678116e-02
4.789695330212133673e-01
9.069541494990475405e-02
5.979099981314712348e-02
4.571039724001017578e+12
4.813529878401387463e-02
2.280378621496856328e-01
6.732795727352002164e-03
4.571039724001027344e+12
4.571039724001068359e+12
1.306037954673122115e-01
1.706532169329819104e-01
8.959013270065348256e-02
1.934373492638556957e-01
1.398745851027681231e-01
3.197943052967754107e-02
1.126483031601563517e-01
4.571039724001089844e+12
2.520858697286323599e-02
4.710790019938735362e-01
5.294520210691802120e-01
1.094542855335870202e-01
3.122014338526718502e-02
6.069064368092998984e-01
4.693079930917500309e-01
4.382719844203414317e-01
7.984314196439823430e-02
9.069910104549262775e-02
4.777023709780803262e-01
6.208130388865215621e-02
4.896852051342497070e-02
6.029957385039632495e-02
4.351821659389321778e-02
3.115148446741705657e-02
5.021446330972695327e-01
2.293781634801152214e-02
2.627905363830914179e-02
4.571039724001069336e+12
3.081029243142862847e-02
2.970757173374144466e-02
5.202738173511447517e-01
8.122180912268149588e-03
4.571039724001070312e+12
2.956085828312579600e-02
3.503890593568686346e-02
1.049724315573039024e-01
4.571039724001076172e+12
4.571039724001100586e+12
4.418751181443670850e-01
1.939505590456929579e-02
5.134523635703828193e-01
9.094527981005806616e-02
4.504536526663185381e-01
5.557503396547223973e-02
4.571039724001011719e+12
4.571039724001057617e+12
1.141359738861395523e-01
1.781861865486430996e-02
1.034445430627731755e-01
1.024152570888720998e-01
4.931478770507857212e-01
1.576733779493996040e-02
4.571039724001089844e+12
8.240973565693487934e-02
4.571039724001019531e+12
6.015980431913365845e-01
4.571039724001080078e+12
4.571039724001130859e+12
5.779988898189522550e-02
4.571039724001010742e+12
1.285914346120861119e-02
7.320505979979161082e-02
4.571039724001058594e+12
5.198992055662486900e-01
4.460933846608379216e-01
4.571039724001010742e+12
1.257811899294330737e-01
6.960754649485217938e-02
4.720097392016983084e-01
9.940966418253618236e-03
4.571039724001051758e+12
1.708827738226328941e-02
4.571039724001126953e+12
4.845072655440272880e-01
1.234102715367039679e-02
9.079943859880208745e-03
4.571039724001075195e+12
4.571039724001031250e+12
1.700530012000782756e-02
3.012073641450112998e-02
4.571039724001105469e+12
1.477940709030929889e-01
4.443904025022775706e-01
7.905206184205612607e-02
4.697283991354922472e-01
3.509393759825273074e-02
1.194374375913621611e-01
5.214653865309241271e-02
5.109411275868450675e-01
5.010142453214790764e-02
8.190800650017163176e-02
4.904536364372683588e-01
7.715164698551676969e-02
5.638807910913294641e-02
4.571039724001083008e+12
4.480028949609669020e-01
1.636364960103914301e-01
1.949115459979076231e-02
4.367945365724650031e-02
5.239324069891498903e-02
3.556009965250080118e-02
4.571039724001152344e+12
7.086176463632221090e-02
5.579898907446020212e-02
1.576484765007436228e-01
2.080748901027305586e-01
4.571039724001097656e+12
4.571039724001125977e+12
4.571039724001092773e+12
7.520623952585892003e-02
4.965098020356878972e-01
4.571039724001297852e+12
5.503466595095614367e-02
2.107900354420839256e-02
2.594469642034139337e-02
4.571039724001154297e+12
6.307984620116795227e-02
5.476628972809872466e-03
4.848278620048185883e-01
6.158667534335451332e-01
1.540444326187231233e-02
7.888279969916073275e-02
4.478801356329704109e-01
4.777472357112647616e-01
5.476419015743949278e-03
9.421519903319514055e-02
4.568501863845067512e-01
4.571039724001018555e+12
4.571039724001031250e+12
3.855365032637470685e-02
7.254461208732195833e-03
3.906801157193255485e-03
6.542944298796041225e-02
4.765171907466169143e-01
2.094767321171128044e-02
4.996668264747198829e-01
4.571039724001071289e+12
4.571039724001083008e+12
5.393265580876333010e-02
4.571039724001015625e+12
5.819818316550239012e-02
6.573092277899533764e-02
3.301377520488373712e-02
2.101126754816190212e-01
4.388008338097064143e-01
2.036360398559407953e-02
1.524618543189247277e-01
4.327209408905167143e-01
4.571039724001098633e+12
8.706812406209375743e-02
5.120243410892446612e-01
9.733835794995579493e-03
2.349863072539724179e-02
2.928910904086533540e-01
2.336320033546098948e-02
2.381736966665891075e-01
4.837080311580345682e-01
1.606164539441486041e-03
4.713650750537298761e-01
4.571039724001035156e+12
4.446001158565977551e-01
2.461009825832210368e-02
4.497271621427215704e-01
4.571039724001069336e+12
4.696009713689368592e-01
2.177062056937044063e-02
1.620371617824165611e-01
5.299466523517519512e-02
7.706666799409586655e-02
7.035284656766944977e-02
1.557315667365406775e-01
7.155403044052026373e-02
3.665956642368681240e-02
8.826141465003285030e-03
1.168991533030668273e-01
6.314348047069555381e-02
3.350519469400937284e-02
6.439133041027900184e-02
7.803475685492521075e-02
4.737651846911642428e-01
2.918248535820378020e-02
1.976584043172589789e-02
5.695279455455490303e-02
5.306103050807446930e-01
4.571039724001064453e+12
4.701134781001167773e-01
3.728520663354918663e-02
2.402584574376065429e-02
5.568253940481026065e-01
1.166257241899798514e-02
8.948420347659713503e-02
4.571039724001110352e+12
4.571039724001092773e+12
4.571039724001046875e+12
6.770766677696160585e-02
8.622684371835023093e-03
8.257340189447187617e-02
4.305963381273894552e-01
5.236921011335205628e-02
4.571039724001003906e+12
9.538421911887624838e-02
4.571039724001034180e+12
5.489714131803950792e-02
4.571039724001128906e+12
4.430907597717267388e-01
5.515640080659832412e-02
1.691959115265095686e-03
1.113639734583744267e-01
6.085819959354313302e-02
4.571039724001011719e+12
6.551148958316159454e-02
4.571039724001016602e+12
2.976946996647457377e-02
4.571039724001027344e+12
9.447583835148967712e-02
3.849127163084925529e-02
2.209737780769814586e-02
2.246210399469900781e-02
6.857814401604708787e-02
5.584801885863182047e-01
4.311012824108931274e-01
4.571039724001040039e+12
3.231449747899264868e-02
1.654356213363634698e-01
5.653710819555850947e-02
5.973865777704886332e-02
4.792550240136339013e-01
1.993038649324787026e-01
4.770356146581416490e-01
4.404747609695458532e-01
4.571039724001095703e+12
4.571039724001138672e+12
4.481560500150353898e-01
6.706910802653954784e-01
1.403947057562274781e-01
3.521598296254951216e-02
4.571039724001120117e+12
5.135334152502015748e-01
4.571039724001085938e+12
2.899996400287911391e-01
1.409394947357284489e-01
6.595079472989104352e-02
8.079009583226727173e-03
4.571039724001017578e+12
7.206423317608368073e-02
1.102698296331770800e-02
3.595758419103124714e-02
4.500181031001407317e-01
9.809950142430412523e-02
4.571039724001173828e+12
3.157075720112684919e-02
4.582441491962341851e-01
1.643290052749780614e-02
7.084240626528082174e-02
9.220330495631837153e-02
6.566579725268226198e-02
4.571039724001152344e+12
1.214120772906867596e-01
4.553322554402160494e-01
5.593760320273599707e-01
2.081530381165249896e-02
3.127683641108014445e-02
1.293289176172880972e-01
6.277858373728641139e-02
4.571039724001083984e+12
4.571039724001086914e+12
1.254142774077040556e-01
6.935549043823782678e-02
4.571039724001003906e+12
1.723108969697024345e-02
4.571039724001083984e+12
4.571039724001135742e+12
6.148178811651147657e-02
1.193699090528649032e-01
8.406761359857659044e-02
4.572737005205868566e-01
1.676515270415279354e-02
6.260570106517966693e-02
4.817108340722778825e-01
4.571039724001142578e+12
4.786864004970182718e-01
4.571039724001029297e+12
6.448315249518118408e-01
1.363866242645681570e-01
4.571039724001126953e+12
1.746231846378012292e-02
4.571039724001048828e+12
4.819756253639059795e-01
6.274037579364591388e-02
4.711533029790405253e-02
4.766005113716934721e-02
5.019005007808535757e-01
1.294239335166502691e-02
4.481222571119168330e-01
4.571039724001013672e+12
6.059016947564852505e-03
5.737284231486342034e-02
4.422434270445028126e-01
3.638695946752190657e-02
8.819394467376370783e-02
4.497575410833061782e-01
1.814132913195968741e-02
4.981780535599378279e-02
4.523591671931313507e-01
5.790661910647012384e-02
6.664184767318406810e-02
4.314903370695251095e-01
1.238175405268935048e-01
2.851135506067493247e-02
5.686144377159839391e-02
2.273375220083135029e-01
4.571039724001059570e+12
2.483981821266339346e-02
4.571039724001178711e+12
5.902545033919824602e-02
5.367410471388327498e-01
4.555740198079730185e-01
4.571039724001109375e+12
9.708045992816533021e-02
3.190837365708165674e-02
2.136142897748423419e-02
4.571039724001046875e+12
9.014824984953268006e-02
1.572403139973029829e-01
4.460368708232795854e-01
4.604733448386191252e-01
4.375425935675252009e-02
5.782730028590062771e-02
4.571039724001021484e+12
4.600829830421667710e-01
7.157704422187810556e-02
1.573810672430623475e-02
5.669572051560685111e-01
4.571039724001088867e+12
7.997460694753054378e-02
5.512064287295358467e-01
3.397977043288398502e-02
1.394176439782420784e-01
4.571039724001076172e+12
5.530860727895136053e-01
9.048307115240755705e-02
5.054945448510808070e-01
4.571039724001006836e+12
8.724388822843801017e-02
7.947220710694526125e-02
5.061837863229198264e-01
4.407121487568984586e-01
1.748372001439946755e-01
5.832110628045255041e-01
1.661471956704872396e-02
2.041749805926494979e-02
1.244366988000547430e-01
5.727944224872775214e-01
1.638882742358763883e-02
4.571039724001258789e+12
7.507276377743903051e-02
4.571039724001083984e+12
1.259207104168851010e-01
4.849154837920238714e-02
6.134156089502355164e-02
2.226952834986695162e-01
4.571039724001107422e+12
2.315888610346599208e-01
2.356277210678049683e-02
4.848860996032309245e-01
7.022029499071227865e-02
4.548718324943551439e-01
5.060310165215219369e-01
4.571039724001017578e+12
1.078266749636437594e-01
4.636344249070338819e-01
4.721722535733346438e-01
5.206911654235580472e-02
5.928028248802148514e-01
5.736549218839122333e-02
1.058410826068197780e-01
5.419886399554442458e-02
3.650231319687420595e-02
6.347889535906478531e-02
4.067656338961404827e-02
4.710855547531427878e-01
4.571039724001040039e+12
4.722596252458267641e-01
1.214290747541127077e-02
8.287515398311870451e-02
9.574920694322268389e-02
4.921516694274875592e-01
9.027034145861002890e-02
4.747684809911694725e-01
4.571039724001015625e+12
1.973884655592463705e-02
5.052767539023542143e-02
7.433679382680680181e-02
4.274654827874911633e-02
1.512857747175289369e-01
5.584786210726991884e-01
4.181783326007713908e-02
4.571039724001095703e+12
4.571039724001208008e+12
2.098783518333235121e-01
7.374952634135958918e-02
2.382218613165874160e-02
4.571039724001047852e+12
4.571039724001182617e+12
5.329370034787465071e-01
6.471388269111687241e-02
7.600024783325204369e-02
5.985176917155946713e-02
6.244175351300831206e-02
2.186180302848399898e-02
4.571039724001015625e+12
4.967970194302970266e-02
4.990513101317879674e-02
4.571039724001098633e+12
4.571039724001166016e+12
4.571039724001262695e+12
4.571039724001047852e+12
2.895947865534133012e-02
4.571039724001052734e+12
2.809992330280203232e-02
5.194967435206031270e-02
9.418059392150293641e-02
4.571039724001102539e+12
2.913294166700321208e-02
4.795669152075676123e-01
6.802607445717623325e-02
4.571039724001112305e+12
4.571039724001140625e+12
1.073184041517074097e-02
4.786184860093188331e-01
1.588349541299639844e-02
6.430195768955086766e-02
4.127800108027443460e-02
2.756109216782780258e-02
9.009361779638716539e-02
4.571039724001016602e+12
1.131734947845668554e-01
4.530952339275235996e-01
5.060879364190193352e-02
4.571039724001100586e+12
8.451025344801285644e-02
1.401404933601616346e-03
4.492320800236341838e-01
5.785497256984407921e-02
3.221680407619684217e-02
4.426259098482704379e-01
1.023419520862930698e-01
4.503052786140089303e-01
4.333942611382831656e-01
5.852430802630109730e-02
5.984220516128317680e-02
5.802004662616767894e-02
4.887948587298561187e-01
4.412578187969107280e-02
2.777321714632172145e-01
4.571039724001078125e+12
5.546460403364469188e-02
5.906867408804723774e-02
2.995549763940442284e-02
4.571039724001059570e+12
7.065520629721530610e-02
7.750938346987532035e-02
6.249260262102522556e-02
2.396998295246634963e-02
1.932205035284728298e-02
5.949500176367140958e-02
1.188223682741546827e-01
2.877814156730309353e-02
4.416556080785875166e-02
1.312642769558219555e-02
4.571039724001077148e+12
9.209384633437661671e-02
2.187476450347194123e-01
5.336368054171450716e-04
4.571039724001142578e+12
4.571039724001018555e+12
4.571039724001120117e+12
6.735174751018627171e-02
5.509358535775780302e-02
1.008878971799592739e-01
6.083274540865014623e-01
3.898700399272936323e-02
4.339942135098960874e-01
4.571039724001140625e+12
4.571039724001053711e+12
4.429868376159336596e-01
1.676294801931495909e-02
8.977785828109632882e-02
4.514921055174079267e-01
4.571039724001004883e+12
1.411418014754046713e-01
4.571039724001016602e+12
4.571039724001061523e+12
6.321196089979282118e-02
1.593137470392487487e-01
5.612043138633539263e-02
7.712261864900958608e-02
5.924180306970654869e-02
4.571039724001059570e+12
5.228481726146704672e-02
4.530808211202771996e-01
2.073870774715946136e-02
3.061238971343283044e-02
4.571039724001120117e+12
2.597370247968364132e-02
4.571039724001021484e+12
9.977012784621394278e-03
9.982696626021972386e-02
4.571039724001017578e+12
1.059814263831986292e-01
4.969060697681559891e-01
5.528603417354249761e-01
6.358482416839554563e-02
1.031714940238699640e-02
9.198610601313662871e-02
4.216644112129559752e-02
1.524568358144756317e-02
4.325778179257734612e-02
9.624635205858601827e-02
4.571039724001238281e+12
2.691191924962074017e-02
6.444793602513099184e-02
1.791175448406235812e-02
3.032474304740225349e-02
1.428130799148382146e-01
1.670221560420084156e-02
4.700795564158309348e-01
1.476844453773827484e-03
4.571039724001028320e+12
4.571039724001029297e+12
4.274132912427003883e-01
5.807333177089521459e-02
4.571039724001122070e+12
4.488755716154353981e-01
2.753786252706062060e-02
4.859484070345808371e-02
4.434553435120625609e-01
7.880238843102053969e-02
8.395226483666464942e-03
8.084577767817417715e-02
7.698228043613639104e-02
4.571039724001075195e+12
4.806731860334809148e-01
2.209979966291373762e-02
1.206608691992443055e-01
4.571039724001005859e+12
4.571039724001179688e+12
3.628476585008796884e-02
4.571039724001040039e+12
5.946508406970987815e-02
2.704675005586306205e-02
6.768462590430579517e-02
4.571039724001109375e+12
6.875927149866753463e-02
3.873263729347548034e-02
4.571039724001245117e+12
2.449794419425749548e-01
2.792889930769579254e-02
2.665404982202044387e-02
5.551421771390407933e-01
4.359532654251507267e-01
5.286925943119478305e-02
6.018500558190191529e-02
6.462563244258323625e-02
4.571039724001108398e+12
6.909479886805666715e-02
1.531857737299999363e-02
6.053140815579535761e-02
1.980856893338922911e-02
4.844377622096469882e-02
1.448793560582740426e-02
2.315686128355454870e-02
2.911535859487909828e-02
3.718810872791528110e-02
2.395288296082213886e-02
6.198177905200147331e-02
1.473955939871315554e-02
1.954605188439233893e-02
4.571039724001015625e+12
1.243347947626857464e-01
4.571039724001077148e+12
6.203789674321962336e-03
4.898102474025299857e-01
1.407713623376698198e-01
5.581718399664010316e-02
4.750120453935153808e-01
1.767939781859209983e-02
8.104091711617315841e-02
3.338606513849495805e-02
4.355794275020268697e-02
7.659465401697827802e-02
4.571039724001011719e+12
7.685476157047559098e-02
9.504191142676302051e-02
4.504567783449797136e-01
8.704046979340712697e-02
4.785765193131091277e-01
6.626224112998512217e-01
4.682439049314276458e-01
9.298178650485368346e-02
6.025838247298916928e-01
4.571039724001052734e+12
1.775804805681331644e-02
2.006976836401752617e-02
4.100640179731064594e-02
4.571039724001050781e+12
3.054640138097661564e-02
3.503082696157625020e-02
7.899566892068496382e-02
5.701242036856029038e-01
1.417584665516130604e-02
1.086595256209908489e-01
5.497031405946863902e-01
4.286823468086655153e-01
1.271297725885740526e-01
1.434230901656816382e-01
6.354235153404519387e-02
1.520011067882338085e-01
8.205531587392783655e-02
4.571039724001031250e+12
9.131411618116991313e-02
7.576136501337804585e-02
4.571039724001155273e+12
5.964879752482275116e-02
5.770382546551906106e-02
7.184374748715770254e-02
3.521284243621713300e-02
4.274399670636349624e-01
4.804027120575043303e-02
4.392824223092570146e-01
6.784720450687080628e-01
4.472565316131838498e-01
4.574306193663194575e-01
5.958525344838146998e-01
5.038897367995819332e-01
4.674837455863187219e-01
1.347847514767555877e-01
4.801384430818149140e-01
4.571039724001111328e+12
7.872510544652688846e-02
1.367240166795258803e-02
5.796535561549658044e-02
1.833526262700235082e-02
4.571039724001125000e+12
4.571039724001058594e+12
1.451075579276963901e-01
7.514107833417468796e-02
6.197846904655759936e-02
1.598198070156672812e-02
8.939827685879360442e-02
5.232018712169560215e-02
4.571039724001159180e+12
5.570335353422972702e-02
4.772367360687245208e-01
4.571039724001114258e+12
6.049582893400939909e-01
4.525487026137144375e-01
4.571039724001022461e+12
3.010769230899728796e-02
3.000674040400144738e-02
1.130023711522793600e-02
4.571039724001090820e+12
5.199108654454595024e-01
1.365563930487535549e-01
4.571039724001004883e+12
4.571039724001061523e+12
5.082142170258167890e-02
1.978010687343710952e-02
4.571039724001065430e+12
4.571039724001070312e+12
4.571039724001076172e+12
2.294705617540328257e-01
2.248569498008464174e-01
9.206015051783106307e-02
4.497288086371280524e-01
7.667608975764818313e-02
5.059200275735775687e-01
4.705192653093304700e-01
2.029501150406190155e-02
4.571039724001024414e+12
5.070435089933921224e-01
5.055460381705274842e-02
9.330921291898639641e-03
4.571039724001011719e+12
1.508225218821794902e-02
5.821540982609873377e-02
8.859225591524422239e-02
5.439126522125249386e-01
4.836024094665809514e-01
5.159167781363684785e-02
4.571039724001063477e+12
4.843090847711969960e-01
6.410136602370901382e-02
5.208732794682641859e-02
6.236752386208044285e-02
5.561073736042998483e-01
5.720076857553740846e-03
1.325936234727015939e-01
8.259035404474185382e-02
4.896607142975586968e-01
3.530372396062518570e-02
4.571039724001078125e+12
1.774191211773694377e-01
3.130873304989324757e-02
4.571039724001079102e+12
7.569421757905488157e-02
6.413137891109356448e-02
4.571039724001238281e+12
5.685348492160802875e-02
4.571039724001006836e+12
4.931264735940978777e-02
4.571039724001031250e+12
7.507145598953662846e-02
1.615923899471672504e-02
1.039580790382526876e-01
4.369877223220355184e-02
4.975736210006852928e-02
4.571039724001054688e+12
3.330291949225420989e-02
4.493364672446527042e-01
4.895988987474376997e-02
1.949838120977805123e-02
2.326202967185593898e-02
5.485268896351870316e-01
9.976204535383247085e-02
6.310538369315385476e-02
4.571039724001017578e+12
1.035386970122854494e-01
5.929289154761365754e-01
4.791937754473638011e-01
4.571039724001180664e+12
5.188336582772479222e-02
6.304156758151403805e-02
8.959777690790937665e-02
4.571039724001011719e+12
4.571039724001055664e+12
7.231806670924438574e-02
4.455555058035088334e-01
4.728964120396110804e-01
4.438987050342591556e-01
1.471927534496914915e-02
6.409852373822240157e-01
6.372073692239955955e-02
4.416426631049842344e-01
6.400200403672090532e-03
4.571039724001049805e+12
4.450465746874333883e-02
4.738581963888439941e-02
1.983523923131624289e-01
4.571039724001006836e+12
2.648459176821282152e-02
4.571039724001204102e+12
4.571039724001023438e+12
1.419268679373825170e-02
1.683619979624605481e-02
4.571039724001054688e+12
9.778473158255590256e-03
4.571039724001052734e+12
1.779126950141497396e-02
6.118588403210803613e-03
5.811639666061557685e-01
4.844372975922359714e-01
4.745012007746690630e-01
4.022109493805368224e-02
1.470718171747289159e-02
4.614115679554754712e-02
9.162036529160111700e-03
4.571039724001064453e+12
4.571039724001103516e+12
1.327145574157522767e-01
6.068493745466901901e-02
4.571039724001014648e+12
6.113412021674384800e-01
1.890828751624849119e-02
1.935729616993583230e-02
4.896933304059998548e-02
5.011592278345285978e-01
5.217768134112686917e-01
9.049356705596426492e-03
1.565987051019547896e-02
5.011592244305709820e-02
4.607349246302464008e-02
6.113429579267885827e-02
1.296158627837373789e-01
5.223624338866228456e-02
4.694645161188907290e-01
2.891856759455648240e-01
4.571039724001008789e+12
4.571039724001125977e+12
4.461814656929475875e-01
4.232031105063482901e-02
7.746876558256340917e-02
5.597561411365486322e-02
4.571039724001153320e+12
7.259036103141405794e-02
5.220815490185287677e-01
8.731448819574956499e-02
4.571039724001134766e+12
4.571039724001032227e+12
4.571039724001012695e+12
4.379243114945557264e-02
8.818645007860251295e-02
4.571039724001066406e+12
1.875948488451602975e-02
8.020470721641913270e-02
4.571039724001020508e+12
1.387736893540236424e-02
4.571039724001155273e+12
5.493931393724588857e-02
4.411037945294878082e-02
1.393166282754707552e-01
1.596184696796729141e-01
5.100579287055680977e-01
4.691134264041389446e-01
6.169684752370994951e-02
9.379535819215498171e-02
4.723334236237041739e-01
4.457811067601185617e-01
1.265441980360057679e-02
4.571039724001008789e+12
4.571039724001149414e+12
9.540608781184975462e-02
3.333187905833135539e-02
5.377997725252871009e-01
8.284466473293097821e-02
4.571039724001279297e+12
5.868696658530894172e-01
1.775631289109956198e-02
1.944072774444314394e-02
5.552245021061682356e-02
2.080747597691338935e-01
3.481659530788379364e-02
