5.184310713915493696e-02
3.145584525431786849e-02
1.222790911792585034e-01
4.571039724001025391e+12
4.571039724001045898e+12
8.438167606762875250e-02
8.887768629118393549e-03
8.411805881909670268e-02
4.571039724001047852e+12
4.571039724001158203e+12
4.571039724001155273e+12
4.885035782678830429e-01
1.256736225358041914e-01
4.571039724001049805e+12
4.571039724001066406e+12
4.132633718489334140e-02
4.571039724001054688e+12
1.030042205727146332e-01
3.452460724993243468e-02
6.204689858970618282e-02
4.449410864188021453e-01
4.571039724001050781e+12
5.455238649631130032e-01
9.435100064536144915e-02
4.469461972193827792e-01
5.573203281188761071e-01
1.223624762346643344e-02
4.571039724001043945e+12
1.099150474773972486e-01
1.443626424624159799e-01
1.214511550056417144e-01
4.132023509611754998e-03
8.559042770987197041e-03
1.012673115862957052e-01
7.995450293959804888e-02
6.912733246587306202e-02
1.417782696820047705e-01
1.309509445418374773e-01
1.690332422771977268e-03
4.848948965108479392e-01
4.571039724001035156e+12
6.807925367388548143e-02
3.166010471078284372e-02
4.571039724001027344e+12
9.569373740012605822e-02
7.940939079888999219e-02
6.119350914634849592e-02
1.326930129164272110e-01
6.178577748008790005e-02
1.159963942505399526e-01
4.273738252789612835e-01
1.742320187210225080e-01
4.571039724001013672e+12
4.263034183948277156e-01
5.953328135429292178e-02
7.017439453649741699e-02
5.726277690233964879e-02
5.045100438631762163e-01
3.057716175298843056e-02
9.080615839839059622e-02
4.571039724001008789e+12
1.628076655285053825e-02
4.265175740031710849e-01
5.855368657347113925e-02
2.700452186931123766e-02
3.088300811378247562e-03
1.456498172834065456e-02
4.571039724001003906e+12
5.128553711582028996e-01
2.459750816021728792e-02
5.920083650251056762e-01
4.571039724001024414e+12
6.660987511431273878e-02
4.571039724001005859e+12
4.515577283489619065e-01
4.571039724001013672e+12
4.289016959992113937e-02
8.382945596965028778e-02
5.041453066466655697e-01
6.265978721355583425e-02
4.571039724001050781e+12
4.571039724001011719e+12
1.571369584797761565e-01
4.571039724001030273e+12
4.571039724001002930e+12
4.763307885601700264e-02
4.488626072546578194e-01
8.026390992068622998e-02
1.767450403293890915e-01
4.158391353064147533e-02
5.445169691464879502e-02
4.571039724001061523e+12
2.310634502719584316e-02
5.173576088244058457e-01
4.571039724001019531e+12
4.571039724001083008e+12
4.571039724001007812e+12
4.571039724001009766e+12
4.889545186907487406e-01
6.858195321958762691e-02
6.060123463985879200e-01
5.428937665897055898e-02
1.149847056657503364e-01
6.022845790266496968e-02
5.566272460947993550e-02
1.375887953433105326e-01
5.333299811661425249e-02
7.438501785349679873e-02
4.863632223483045358e-01
2.728108006895227713e-02
4.668687133693977254e-01
1.361281147552402537e-01
5.287785137637309729e-01
4.865408247015830939e-02
4.929886703771391154e-01
3.826433497153111651e-02
5.551755828853976310e-02
4.736098823130902025e-01
5.541197738907727155e-02
1.665195693642565478e-01
5.119703765677648954e-01
4.571039724001199219e+12
4.967948558811608462e-01
4.324389533952388009e-01
4.571039724001007812e+12
6.050840723206823979e-01
4.743135927562013021e-02
4.628565232302529753e-02
6.105854093149474214e-03
4.571039724001049805e+12
1.241799309160316056e-01
2.274071740396746422e-02
4.950993074871742894e-01
2.159570213959123228e-02
4.571039724001095703e+12
5.973788736246631037e-02
6.435276725216784732e-02
4.541772528106195056e-02
3.095771702294529068e-02
1.484531902410388300e-02
1.398604955155718366e-01
8.454502318636906988e-02
3.839239869702027602e-02
5.017162588178386562e-01
2.314202414786585907e-02
4.742064603964053493e-01
4.571039724001047852e+12
4.571039724001280273e+12
4.787253850760015556e-02
1.826933777875802689e-01
4.331086009902549577e-02
2.546930258141984482e-01
4.034445315282156330e-02
4.571039724001062500e+12
4.571039724001022461e+12
4.571039724001076172e+12
9.270386093159234397e-02
1.402696302164666009e-01
4.393448119085551773e-01
2.500561424620861492e-02
1.920198049414169605e-01
4.571039724001141602e+12
4.210591662431202586e-02
8.947171210355063520e-03
4.298774811492949155e-01
4.571039724001046875e+12
5.018284010514032639e-02
4.571039724001125977e+12
5.182498675055412229e-02
1.027645147528500197e-01
6.179619955290067274e-02
8.890336717956642473e-03
1.001018837412168822e-01
4.571039724001036133e+12
4.571039724001049805e+12
3.087197832052838292e-02
4.571039724001161133e+12
1.911421606669163470e-02
1.406493527084515336e-03
2.783694432672803587e-02
1.864365539829869467e-01
2.610877872102083247e-02
4.522260832488500526e-02
1.101735848588513006e-01
6.867492244466762586e-04
4.571039724001187500e+12
5.312026449578249182e-02
4.571039724001082031e+12
1.246425209417869190e-01
8.512730818561944912e-02
4.571039724001023438e+12
9.592686879059202087e-02
4.571039724001027344e+12
8.593129232529156392e-02
4.420661011345336511e-01
4.348765958841500634e-01
4.571039724001057617e+12
9.368544665979564035e-02
4.571039724001021484e+12
4.968027256599780866e-02
6.311853748000205433e-02
5.486283120978697331e-02
4.571039724001004883e+12
4.571039724001043945e+12
6.438820915081169827e-02
3.757566265225161656e-03
6.645831736890047692e-01
1.241305212420340115e-01
4.571039724001018555e+12
1.022792256960032981e-01
1.962526536015969658e-01
4.328356766318390836e-01
6.914982197365240890e-02
2.104137075945282029e-02
2.315526775658720629e-02
1.973145038972368703e-01
5.903245726166366225e-01
2.034026750979573694e-01
2.192087632636816052e-02
4.839644796160032236e-02
2.081448932427147069e-01
4.571039724001021484e+12
4.571039724001035156e+12
4.548980796446863151e-01
8.792862070287683907e-02
6.660545202735805581e-02
2.094162637408784194e-02
6.401327986968698147e-02
1.113837122272067770e-01
7.004023829594986650e-02
4.571039724001090820e+12
3.173021106068858038e-02
3.111014752209614181e-02
4.571039724001043945e+12
2.831182577869993944e-01
4.814436947730276195e-01
1.074792611519216276e-02
3.122677870603442554e-02
4.571039724001036133e+12
1.802986353666123920e-01
2.867144259887736621e-02
1.742881270923148651e-01
6.036826398693705131e-02
5.249956095860996985e-02
4.571039724001099609e+12
4.263122554841619616e-01
4.704258386332923481e-01
4.349490553433259521e-01
1.009676596895735939e-02
1.876275516353961836e-01
4.913643186287430104e-02
2.395392702432235787e-01
5.963753749738796850e-02
1.606288349212318944e-01
4.571039724001030273e+12
4.571039724001080078e+12
5.387679372127704425e-02
1.041060221037493905e-01
6.276638355623152810e-02
5.409992999961956706e-01
1.088640896628075283e-01
5.727310958128775109e-01
1.692857779380293193e-01
1.234587425695265889e-01
6.096466708345393837e-01
8.917952484589426743e-02
4.571039724001280273e+12
4.983465033519799414e-01
4.571039724001192383e+12
1.050519470219872520e-02
6.134679253838167153e-03
1.127131269918712347e-01
5.727426203743288813e-01
8.355465937310393998e-02
1.318079844886315410e-01
3.376589925758077121e-02
5.526924097585842605e-02
6.103763663433889319e-02
4.571039724001084961e+12
1.075948679030221261e-01
1.224700737282918978e-01
6.702252414511522538e-02
6.055478889729950381e-02
4.470702261693705326e-01
9.398445065795800468e-02
2.592602669956080297e-02
7.888559027146109515e-02
5.393556543483619264e-02
4.571039724001125977e+12
4.654485303583704575e-02
1.072005156969435546e-02
4.571039724001022461e+12
6.794931191352580890e-02
4.817011568314259473e-01
4.392371772701438720e-02
4.571039724001100586e+12
1.983302255832770922e-02
5.254509094616059695e-02
4.571039724001060547e+12
4.471289195185871312e-01
5.239517484701432526e-01
4.857006692964531414e-02
1.895138101087194549e-02
4.663533560401567774e-02
4.443867073789125044e-01
6.884606418572662700e-02
4.571039724001094727e+12
4.760224944513888889e-01
5.408184947436712742e-01
6.148961138544675742e-02
1.371248435059603185e-02
5.807997258267959262e-02
4.571039724001084961e+12
4.571039724001028320e+12
1.469914967926282678e-01
4.483374146514301772e-02
1.382140775263052124e-01
1.493638658572581934e-01
4.314623529334136176e-01
1.674387076943959982e-02
1.716398551457998245e-01
4.661886664164262284e-02
4.836907256910146780e-01
6.292856441452508720e-02
4.974248168972230516e-02
1.417309104595307519e-02
5.038526795310582784e-01
1.104304638658318294e-01
2.346403743165434985e-01
8.190182250402966435e-02
4.602728033163782095e-01
4.969396805026006780e-01
5.770941871604329254e-01
4.571039724001006836e+12
5.716061250190555831e-02
4.403005349338951491e-01
2.574729785516911840e-02
2.022796636812286275e-01
4.571039724001028320e+12
1.743832765340486979e-01
3.678450145608671423e-02
4.571039724001020508e+12
4.714946039230650809e-01
5.289476322018246135e-01
1.388820578465332356e-01
4.571039724001005859e+12
4.970516474484032998e-01
4.571039724001044922e+12
5.088237465205226462e-01
6.591721144370264740e-02
4.571039724001011719e+12
1.893459849367532533e-01
1.548828909856944380e-01
4.571039724001010742e+12
4.571039724001080078e+12
1.273073515918905219e-01
4.571039724001023438e+12
1.178624578928729461e-01
1.181384468303091351e-02
4.571039724001094727e+12
6.093677563702323829e-02
4.571039724001017578e+12
4.310233720403508495e-02
4.215858915350141622e-02
3.749657037975855089e-02
8.719292311357764239e-03
1.808139502293282241e-01
8.259230150469061907e-03
1.124734582398302825e-02
7.870547444581307839e-02
4.571039724001016602e+12
6.859508048383608503e-02
3.906666793572607238e-02
2.878829322782296488e-02
4.571039724001007812e+12
8.511844505558996410e-02
5.955134485403505706e-02
5.156919941735581964e-02
1.311226267820112534e-01
1.822546933626471855e-02
6.425367895416364550e-02
4.520277613335572098e-01
4.341204787882675942e-01
5.455042220124245445e-02
5.628004616917606784e-01
4.571039724001027344e+12
4.641519518454120113e-02
2.055863050232900960e-02
5.390181884138020019e-01
1.258618936876269023e-01
6.539061146426393689e-01
4.571039724001025391e+12
7.547432896593128659e-02
1.670538218921773996e-02
1.901822023835786357e-01
9.259135618669567247e-02
4.571039724001092773e+12
4.571039724001035156e+12
2.082771604491973766e-02
1.490233392749759078e-01
4.347450130350944547e-02
1.901534965173245217e-01
5.280590985867691378e-01
4.561224721140673677e-01
4.359743014282178031e-01
5.266163707433107327e-02
8.552800370859763024e-02
6.932218419577151902e-02
4.571039724001021484e+12
5.776280695379528568e-02
1.555561295846899506e-02
4.571039724001005859e+12
6.055249249862063032e-02
1.597575263340027807e-01
4.571039724001146484e+12
5.347733176690629975e-01
4.696913207784281230e-01
4.612099433631384332e-02
1.831700306615697410e-02
4.424369018685683774e-01
5.174109911909573478e-01
7.469401097708555648e-02
2.163853130387454957e-02
4.571039724001045898e+12
4.571039724001013672e+12
7.963970619243208870e-02
4.792568244160435448e-02
4.571039724001048828e+12
4.571039724001049805e+12
5.111375513412967919e-01
4.500769871680312950e-01
7.353328654057584846e-01
2.363904271623214481e-01
5.278370428510953394e-01
4.663924964760694514e-01
4.571039724001053711e+12
2.943563458665532720e-02
7.804811017162863185e-02
6.649629274107497767e-02
4.571039724001169922e+12
4.571039724001233398e+12
3.243462460757774030e-02
5.765452820239668208e-01
5.580114709418911023e-02
8.963787661656910655e-02
5.718032022321942742e-01
4.571039724001071289e+12
4.571039724001009766e+12
4.654272188225891393e-01
5.663269020636795270e-01
8.626541518599571690e-02
4.571039724001054688e+12
5.556741664902288547e-02
4.414207228698719399e-01
1.575860675440565392e-02
4.571039724001024414e+12
6.904117324930530986e-02
3.902298782258924181e-02
1.095864122563146303e-02
4.571039724001025391e+12
4.571039724001024414e+12
3.337461911464201930e-02
4.273489776633689341e-01
4.299672972308681840e-01
1.770976538700707870e-01
9.397410697563807203e-02
8.888831896200080629e-02
4.224863649451011949e-02
1.416733709891305482e-01
5.334537841404568548e-02
4.321004252388724876e-01
4.985562136141534761e-01
2.476391980266604009e-02
3.887336931465618095e-03
4.383068157954808086e-01
4.571039724001005859e+12
4.571039724001054688e+12
4.571039724001003906e+12
6.507604298018971889e-01
5.213428500615244765e-01
1.343010432713465929e-01
4.870961182062301109e-01
4.571039724001172852e+12
5.284708587019325970e-02
7.628525344188594182e-02
1.400383075129237737e-02
1.310725146482959735e-01
6.260153949032309928e-02
4.571039724001023438e+12
2.530840589405217167e-02
4.484386431661859795e-01
6.025963286468090374e-02
6.571241964619733977e-02
1.760342573425497867e-02
1.617157900942510773e-01
9.427178107685038611e-02
4.571039724001269531e+12
4.469588686835014313e-01
1.247341993880702465e-01
3.399141647427539326e-02
5.928475062189361711e-02
3.222396491971906557e-02
4.967929701009309029e-02
4.571039724001039062e+12
1.087982084189760418e-01
4.571039724001259766e+12
2.905371400695502815e-02
6.912818120566961190e-03
1.288562669405499128e-01
5.120139001545356283e-01
1.404438688980566841e-01
4.571039724001013672e+12
2.538591119437125787e-01
1.596973333104857729e-03
4.864432548319272409e-01
2.099055145365242431e-02
4.571039724001051758e+12
1.753186075773698754e-02
4.633817192115171485e-02
4.571039724001022461e+12
1.121869777401563462e-01
4.571039724001022461e+12
5.222065448846224117e-02
8.163747084992026282e-03
1.933290249861936705e-02
5.669496559106664696e-02
4.571039724001168945e+12
4.571039724001108398e+12
2.212817417224773389e-02
4.571039724001071289e+12
9.107982401388180216e-02
4.331145067939865534e-01
3.028556513387434257e-02
1.766546543898097829e-02
1.335184576884248242e-01
2.197218093689808083e-02
5.928351777249633164e-02
5.291794022054270297e-01
5.041035025266512593e-01
4.684446650604817686e-02
8.247863881987049783e-02
1.469232914980046160e-03
3.396704066872430205e-02
1.381122423024524482e-01
4.571039724001005859e+12
7.131317611962019465e-02
2.043116814010691520e-02
6.192030110909959584e-01
4.571039724001049805e+12
2.325347697736463229e-02
5.427586271606898993e-02
4.488312504920041746e-01
4.223873709281075750e-02
1.023884073432455438e-01
6.035239264662176639e-01
1.612097017377982222e-02
4.571039724001003906e+12
1.705206061685158453e-02
1.534289136190149228e-01
4.571039724001100586e+12
5.593899694140491707e-02
3.777288403177105069e-02
4.571039724001021484e+12
5.253939544089167857e-01
5.473099142921824534e-01
1.093878033710930231e-01
5.253563746876167839e-02
4.571039724001048828e+12
1.907877234584455864e-02
4.571039724001098633e+12
2.876553172369638797e-02
4.571039724001098633e+12
2.301824832524751452e-01
4.571039724001083984e+12
4.416708945174589451e-01
5.557941656188339352e-02
4.896856050411363404e-01
1.392783856627473060e-01
4.571039724001033203e+12
4.571039724001097656e+12
4.571039724001122070e+12
4.571039724001087891e+12
4.571039724001018555e+12
6.702745662758764766e-02
1.309639359380705415e-01
1.993961495135128659e-01
1.207031779877159178e-01
5.223835840688594023e-02
3.285549395771225623e-02
4.859758631657047911e-01
4.600580031158068572e-01
4.910657709223614220e-01
1.082304056444541307e-01
3.171923262437449653e-02
4.516540953888923543e-02
4.571039724001116211e+12
2.334528576649384443e-02
4.571039724001017578e+12
5.487191230101748918e-01
3.913995183284863649e-02
2.080592196905614588e-02
1.288516074489743646e-01
1.653038825562692660e-01
4.041094737855477348e-02
4.571039724001012695e+12
1.714252043639116763e-02
9.192226937495828754e-03
8.810396273679012291e-02
4.340094475722259815e-01
1.694249947390248645e-01
4.476368465923995510e-01
4.571039724001255859e+12
1.098455672638058156e-01
5.029518758036701648e-02
1.493496149631980685e-01
4.010790507277968431e-02
4.571039724001157227e+12
1.039949932779697800e-01
1.356905735751965936e-01
1.080247340708789805e-02
4.571039724001111328e+12
4.101119556048590797e-02
5.126637094186502208e-02
5.123233850107448278e-02
5.231175280081272749e-01
9.243735222938145868e-02
1.931225636698942205e-01
7.889663555405401762e-02
4.710689898887439053e-01
1.247379850423054604e-01
4.571039724001055664e+12
4.571039724001174805e+12
5.898473541378559948e-02
1.158277177635460564e-01
4.916542656176337012e-01
1.633838427369627144e-01
4.804189659698080428e-01
6.827885125997054661e-02
5.279654971184312429e-02
4.813379646363069586e-01
4.927077723181711999e-01
9.275625946134992200e-04
1.220339562246585130e-01
7.407280977592722859e-02
1.501564030148974660e-01
6.269685536365064982e-01
5.680287058637785436e-02
7.005488182267195947e-03
1.441993823005564002e-01
1.069408257792617833e-01
8.365799189278910405e-03
9.125364129392903034e-03
1.276093829022926507e-01
1.412578750882996781e-01
4.944519049401218669e-01
4.830987796428811570e-02
1.052964477834975043e-01
4.571039724001098633e+12
4.437557072247708123e-01
7.697714376515561729e-02
4.944311926389928780e-01
4.570977685809453003e-03
5.943032162547780273e-02
4.502562513293843494e-01
5.312134614411943151e-02
8.648712788993009881e-02
4.571039724001098633e+12
1.446789748376855859e-02
5.504264824277739221e-01
2.038896635734103666e-02
1.263081174665645068e-01
5.593977828955275927e-02
1.390344653254081339e-02
1.375046032823272479e-01
4.980875076787333877e-01
1.220246186094604557e-01
1.870967897290218979e-02
2.333684344885882112e-02
5.243434381688170109e-01
1.531152817698031021e-02
4.773668604459058717e-01
1.404201775805791197e-01
6.476108283183599351e-03
4.571039724001038086e+12
4.571039724001036133e+12
2.077613171852308316e-01
4.952142064881563388e-01
4.571039724001047852e+12
2.552029220396784953e-02
2.871711711679007448e-02
4.571039724001000000e+12
1.378190236746446307e-01
1.980956083309824700e-02
4.571039724001087891e+12
2.003013751418145083e-02
8.471715078542971233e-02
4.571039724001001953e+12
4.485098238791341285e-01
5.186815129673044006e-02
1.509157759458011963e-02
1.342297179441254706e-01
4.683751896005577398e-01
4.571039724001125977e+12
7.421359935997214052e-02
4.329393628514950909e-01
1.048162252461682688e-02
4.571039724001136719e+12
4.676318427309867354e-01
4.023066109506000243e-02
1.845911560697264253e-01
1.042472113914323373e-01
1.047282407681263128e-02
2.101793236967389872e-02
1.046509755744493286e-01
5.669022140215433936e-01
4.571039724001129883e+12
4.890940974803557051e-01
2.329826657546175267e-02
1.172914280440751078e-02
1.340398114490978232e-01
4.571039724001051758e+12
8.775811069333036563e-02
4.571039724001007812e+12
6.467332428894485841e-02
4.571039724001108398e+12
3.361708013676157486e-02
1.333382800177520047e-02
2.992002276021383383e-02
1.636490841028269971e-01
4.486241787106153844e-01
8.113808213349534004e-02
8.726828683957740806e-02
9.690849473918190793e-03
4.571039724001003906e+12
5.112567748123558742e-02
4.571039724001183594e+12
4.842886409383044266e-01
2.586725926159575903e-02
4.571039724001048828e+12
5.929450262222758089e-02
2.158066318822674315e-02
3.979862900935548370e-02
4.571039724001025391e+12
4.392716306305921026e-01
4.517535741051408038e-02
4.571039724001067383e+12
2.603875208957457943e-01
4.088146440392007031e-02
2.538594332714299087e-02
4.571039724001020508e+12
4.571039724001113281e+12
4.571039724001058594e+12
1.419431548114366282e-01
4.571039724001153320e+12
4.365951902484410674e-01
4.674384307788442272e-01
6.161411421927206339e-02
2.238225905100799107e-02
1.288899769430484621e-01
4.571039724001004883e+12
7.563700921140670275e-02
4.979211940202080133e-02
6.720231885075168832e-02
4.571039724001000977e+12
4.571039724001074219e+12
4.614520152626098159e-01
8.564192215628463334e-02
1.725785052548871601e-01
4.571039724001154297e+12
6.194062810834105592e-02
1.733219926320909154e-01
4.571039724001065430e+12
5.164975422390064713e-02
2.127417703719838293e-01
4.571039724001018555e+12
1.518978525123539439e-02
4.724438110158769022e-01
4.571039724001015625e+12
7.573694625254856483e-02
2.709765085883137498e-02
4.409272542521119886e-02
1.039130303422901858e-01
1.216141464706733677e-01
1.109471193308927683e-01
1.773242582252417682e-02
5.907789726158154675e-01
7.999628768902712064e-04
1.545654423091719076e-01
7.151973305904858746e-02
4.768896633264677054e-01
5.610825279986833558e-02
5.758847641527160832e-02
5.158387565182667722e-02
5.007508732894482284e-01
4.325775747705710300e-02
6.209421107262053791e-02
4.290621681534971255e-01
1.666862660339076679e-02
1.118014452646383106e-01
1.258997794834869899e-01
4.387099470529708944e-01
6.363446079387077847e-02
4.303963392147508449e-01
1.586742412290629081e-02
8.629233910195550916e-02
4.571039724001029297e+12
1.510768752450995095e-02
1.602400116695170962e-01
2.892685999626402361e-03
4.571039724001068359e+12
1.701473996147170528e-02
4.384117286345895481e-02
4.683409915227780829e-01
4.320043818891574627e-01
1.161832436824419557e-01
1.142162034517000962e-01
4.571039724001015625e+12
5.282563531731890999e-02
7.324939873669139567e-02
6.436291677112571108e-02
3.155500443588645648e-02
4.571039724001177734e+12
1.093609157769022400e-01
5.171645751944419639e-02
2.755070872183798189e-02
4.704572845327438246e-01
4.973910332594594363e-02
6.780293858107977467e-02
6.382543944397513214e-02
1.553088706392179337e-02
1.364503899978103951e-01
9.702955129350293584e-02
4.682073389302674471e-01
1.730467532811344814e-02
4.749702782102642740e-01
5.133521564073628696e-01
1.648058937477571706e-01
8.923987903719504677e-02
4.698664251142924408e-01
2.846951435002438233e-02
7.542487220355748034e-02
5.586112750959393476e-03
1.220274871527604194e-01
4.687723053381317451e-01
4.571039724001023438e+12
5.034762998519405341e-01
6.659155981063362428e-02
4.571039724001188477e+12
4.491413618249833206e-01
8.157727460606525871e-02
4.890547882759909565e-02
4.571039724001053711e+12
5.329781622394350743e-02
1.105250853444632447e-01
4.908763305186740478e-02
6.437958991277002718e-02
4.986835139307728704e-01
1.633063505518982661e-01
5.585072467804631097e-02
7.027229934561133630e-03
6.109983105662196434e-02
2.643263522309233574e-02
7.690713943843625888e-02
2.889677473459779239e-02
9.995427030438561178e-02
8.286336461869672765e-02
7.479897919733526079e-02
4.571039724001107422e+12
4.952832111525535264e-01
1.147747249695174609e-01
1.641195733075441476e-02
1.880670295075447251e-01
1.340933451625069550e-01
4.922267302847671555e-01
1.382563683135291099e-01
4.491390569073793748e-01
2.555382183389541539e-02
5.071769444267936189e-01
1.503725939908879539e-01
1.009452365574081342e-02
2.956203804390185319e-02
1.817269245143885159e-01
3.717888161543318748e-02
1.246001512952481516e-01
9.452061667906926090e-02
4.571039724001025391e+12
2.067132220139318854e-01
6.789793060682179637e-02
1.914818540293579119e-01
1.127551376217039714e-01
5.481553002706647248e-01
4.415928376298734470e-01
4.571039724001051758e+12
1.203859716039274441e-01
5.264017060465169262e-01
5.596935957010087254e-02
2.876724224575940951e-03
4.292355863084584278e-01
4.571039724001217773e+12
2.068547733395565552e-02
1.447870744912909888e-02
1.509537495257948919e-02
5.308190266467786855e-02
4.473392349418406355e-01
4.498912738920205281e-03
1.235304859951423528e-01
4.285407277645911228e-01
1.434663459523743967e-01
1.100295520641317130e-02
4.965461679359443187e-02
1.555036191198566620e-01
4.571039724001022461e+12
5.959077009211859871e-02
4.817188002737889801e-02
1.010029815565823275e-01
4.571039724001099609e+12
4.571039724001103516e+12
5.161518733919514546e-01
4.571039724001006836e+12
5.108710108384586501e-01
4.571039724001043945e+12
3.515022800489675525e-02
1.546861606502378528e-01
5.167558565063309906e-02
6.315718100667287727e-02
4.818950586115889889e-01
4.418322038787375616e-01
4.476495849544447070e-02
2.886119652528292695e-02
4.469552668098225601e-01
4.392161725202575195e-01
1.113470438692434894e-01
1.455256491980259081e-01
1.341393884348464627e-01
1.411300900800124825e-01
3.167589133018594572e-02
2.779835587505411279e-02
1.148086399888025716e-01
3.819955721919040398e-02
2.632429785222781954e-02
2.709300432936330091e-02
4.571039724001055664e+12
4.571039724001100586e+12
7.882719612068046777e-02
4.571039724001019531e+12
4.737676569759660117e-01
9.529963969636774668e-02
4.571039724001041992e+12
4.764401700644112503e-01
5.835011060108128561e-02
1.119736490633202464e-01
2.470602926008820532e-02
4.571039724001063477e+12
5.953872903647027676e-03
3.694557075254614742e-02
4.571039724001075195e+12
2.338614343868140599e-01
4.386024732526029590e-02
3.560908930555782559e-02
2.744539575087228886e-02
9.688254011723165804e-02
2.567370475533163610e-02
4.817344283977038621e-01
1.181157070167796266e-02
1.103500415304556337e-02
6.284210149735901529e-01
4.571039724001125977e+12
5.644237552295801319e-02
4.571039724001016602e+12
1.058420795427270911e-01
1.220110139921825321e-01
5.381796503757867445e-01
1.418049830447246640e-01
4.571039724001089844e+12
1.551290115682531223e-01
4.571039724001020508e+12
2.091203609582390627e-02
1.369327763614004434e-01
1.261030293653702117e-01
1.395961289108800796e-01
4.571039724001048828e+12
8.650291762612212498e-02
4.449193324899067825e-01
4.625206240557380166e-01
2.708641206127584619e-02
7.356529128582094124e-02
2.714620672831681292e-01
1.072015310133856980e-01
4.636364677110281218e-01
4.712029598666293839e-02
6.924637034331854180e-02
4.696652325041308362e-01
4.293284541864443860e-01
1.494278180746098084e-01
3.780411939701473767e-02
1.626221655945807310e-01
3.861012866511406155e-02
5.084875716973594750e-01
2.392424633004346449e-02
4.571039724001152344e+12
