1.115798306303672841e-02
2.750245724536201988e-02
4.711699762866024960e-02
2.525675287505477207e-02
2.744087717173433055e-02
3.575555392160168280e-03
2.999632094170934585e-02
3.136220269915883374e-02
1.316251121281204473e-01
1.237113045628027708e-01
1.282553994128138308e-01
2.754781796640842079e-02
8.439339359080654662e-03
1.673475835530725125e-03
1.225951648349551393e-01
3.332911863213188462e-03
1.361282641075843569e-03
4.503339370038135503e-02
3.513952197283104484e-02
1.331484376712707696e-01
3.117399215807716353e-02
3.392919923641844748e-02
1.176656546618737587e-01
2.261776556194310464e-02
3.118179623114450665e-03
1.179306688642369899e-01
4.479196073991707772e-02
2.034407975897872464e-02
1.559441283170988693e-02
2.928830950618231677e-02
1.241260744044378750e-01
3.274865895367554819e-02
2.840511741611612823e-02
1.347316027092901047e-01
2.492176908069242830e-02
1.668557701762236542e-02
1.399054497139637365e-01
1.310978226869970453e-01
4.861584901193580222e-02
2.551363582809125508e-02
7.749241821398335228e-03
1.302083049851603946e-01
4.539875046456716412e-02
1.429992985897971837e-02
1.320175841065258093e-01
1.094689612770546362e-02
1.219088866504778879e-01
2.371003810573603376e-02
3.898550128700277451e-02
3.300018103907625261e-02
9.402660777999951106e-03
4.813967939192191625e-02
2.756566460864349685e-02
8.397016517460007337e-03
3.234904468371609110e-02
3.412943661502732678e-02
6.744843783921924268e-03
3.114108137852798081e-02
3.103976987552602151e-02
1.338264016602423168e-01
1.912261076118122044e-02
1.396968679160860184e-02
5.858004365074422071e-03
4.451449682979222167e-02
1.153278001784149714e-01
2.191013742951445839e-02
1.681619515148801564e-02
3.126379710093640796e-02
2.087111038820248579e-02
2.696342559456427548e-02
4.936024675600532430e-02
1.752413865857282288e-02
1.388731182470501757e-01
2.079741401621265293e-02
4.377504518893221563e-02
1.567891231930340357e-01
3.315637935115431367e-02
4.932526282354117442e-02
3.744654527959739854e-02
3.362566560539186067e-02
2.944137843543526145e-02
3.020548996701396399e-02
1.264079516147539606e-01
3.710996414753190559e-02
3.956239405815599464e-02
1.704473403651750318e-02
2.151820646634161963e-02
6.466711665120635638e-03
1.338569573671355151e-01
5.995931281936470181e-03
2.914198641984164229e-02
1.616211870536155351e-02
1.213240574748347157e-02
1.184148359427627042e-02
2.307591627650308272e-02
1.388265000459329782e-02
2.684555039705956159e-02
1.155827404653011758e-01
8.365726422223825759e-03
8.373093916101324863e-03
1.210099574629277253e-01
9.266180113605066923e-03
4.515834387026880503e-02
1.191347024588425701e-01
2.921193825029659921e-02
1.023746322729280830e-02
1.523231427650591392e-02
4.778175009975614562e-02
6.229451867183798727e-04
1.290420822175370602e-02
1.218089755764879961e-01
1.242837845876354902e-01
8.306837386846706653e-03
2.687110668579134956e-02
1.645394166845863537e-02
5.106278249457238622e-04
2.540226444473245304e-02
5.934935620062235795e-02
1.296148576884693093e-01
1.395634122213111339e-01
1.268975451762123507e-01
2.353327174578574363e-02
1.798464688343305584e-02
3.961507063007213558e-02
1.110850122107706270e-02
1.908425969316297766e-02
4.209336441039328303e-02
1.237605527068612876e-01
3.608156576809528476e-02
2.201077348571283537e-02
2.256410147937774197e-02
1.932883616622043527e-02
1.334253852854406022e-02
5.386647735185890948e-03
1.885952158079368460e-02
5.764297905957481427e-02
1.502646701388139945e-02
2.294561485807880205e-02
1.388271342845995293e-02
1.445941903573211111e-03
1.222189004119880323e-01
4.494699250791474310e-02
2.734797097725407550e-02
4.097506610779359792e-02
2.688943770482522116e-02
1.704132684254633379e-02
3.701899233538843981e-02
2.763945670635307994e-02
1.294099099792794805e-01
8.553581380291270034e-03
3.332638509827352824e-02
7.031786266612614737e-03
1.204711504206616886e-02
3.087237545575468450e-02
2.685451470831934709e-02
2.141802570050137244e-02
1.771103164188153264e-02
1.036615093963977503e-02
4.684807252636048291e-04
1.360215927307440419e-02
4.872768447668271441e-02
1.330737138424110122e-01
2.016417000695071640e-02
1.733320706211231854e-02
1.335248306869107893e-01
6.692874856534673615e-03
1.175672969584985461e-01
5.146014782252284619e-04
1.471436312860916473e-01
1.976130909149127757e-02
8.791734791448695477e-03
1.261452491443951218e-01
5.481148918248548952e-04
3.176896728071902654e-02
9.112102455478268345e-03
1.870936793365610834e-02
7.844970029370970654e-03
5.861776838243035193e-02
3.327752016096646726e-02
5.302102344156384151e-02
4.586550279475808817e-02
6.168882990631925980e-03
6.457855132657903952e-03
1.230601137969694614e-01
2.327864458224789684e-02
2.147957740354030157e-02
1.883185394595330783e-02
1.847324605544972340e-02
3.266939258477420845e-03
1.205770794182304539e-01
2.139550750078039396e-02
1.634079994433229252e-02
1.346564235026295187e-01
1.471345413907768421e-02
8.883937949909440773e-03
2.380916263504236074e-02
4.038477496331437100e-02
2.167808369588085024e-02
3.211219020834064214e-02
1.479383590970076955e-02
1.493899316258137482e-02
2.763104842173020811e-02
1.520831901216529100e-02
7.351755388538936883e-03
9.563233523223664025e-04
2.468498911658418421e-02
4.451836860221444064e-02
2.659844402179573422e-02
2.361357967693644005e-02
3.421104138985027465e-02
1.194441034032188570e-01
7.330461828713236844e-03
2.029866679219706829e-02
1.397963369639825815e-01
1.913146442375293979e-02
1.976638161543202779e-02
9.490106293727837081e-03
3.973774471098173722e-02
1.117295615818948186e-02
2.118432178613913891e-02
1.479248299755048512e-01
1.824288839000756321e-02
1.774431874284409724e-02
2.404177189825978250e-02
3.382032392949189253e-02
2.214884367113694949e-02
6.417893189907339369e-02
4.709407469455301198e-02
2.195331297256217923e-02
1.513844019269618146e-01
6.834334250857133745e-03
1.437037910445786160e-01
1.263885607140970146e-01
1.264260308249516573e-01
4.965972594497687111e-03
2.103167473210700369e-02
1.430276873398008547e-02
4.490825846617298341e-03
1.563384394493427115e-02
2.783423152819648402e-02
2.695996232957331012e-02
2.264030193857713771e-02
2.398371538933868202e-02
1.448915784107448340e-02
3.311178596129565194e-02
2.495948245026640214e-02
3.563195116052528255e-02
1.229703904979767420e-01
1.645185572301800792e-02
3.806047806942228912e-02
2.046230754927829548e-02
1.464891009276491143e-02
2.666344712422182711e-02
1.247187048980780838e-01
1.328892673595780671e-01
3.462714172391144485e-02
1.531480448362088249e-02
2.983727476420436689e-02
1.563206604438523856e-02
2.479946678864772269e-02
1.457367726231229010e-02
5.042992367792514807e-02
3.441129324350649006e-03
1.394727806046294066e-02
1.177538452193361285e-01
2.018660795617243514e-02
1.164579084735712852e-02
3.612086920486196062e-02
1.479508542694851769e-02
5.329168461459840578e-02
2.717708249354584826e-02
1.453766519914895528e-01
3.677170232868267469e-02
1.640607901337136007e-02
4.764418149606589048e-02
4.543708755040987667e-03
1.195976246566846368e-01
2.197394731907916302e-02
1.938004914899401493e-02
1.223310382755044556e-01
4.783337322246635978e-03
2.056881981649037391e-02
1.942498441355250058e-02
4.566722898779128348e-02
2.181379813899715983e-02
5.043526392381349199e-03
1.904609262056613725e-02
2.138228963922238560e-02
1.344718837615865858e-01
1.311305119121026486e-01
1.446803357545645326e-02
4.385178070322489491e-02
1.152040190630270432e-02
1.753633835156518175e-02
1.822250933774866716e-02
2.642367830930954925e-02
1.207334346935813874e-01
6.181841227023800352e-03
4.916691342103752388e-03
6.521468574597118900e-03
2.944145455565129119e-02
1.724798141388554293e-02
1.217523206158428878e-01
1.209738730180021961e-02
3.963798879657337570e-02
3.708702140403444952e-02
2.953287739349934674e-02
7.015330084130345228e-03
2.400459736989413173e-02
1.845378656309453955e-02
2.467361784836115401e-02
1.315468267615903242e-01
3.229860584164812032e-02
2.858943154322675373e-02
1.396473787596053812e-02
1.607777490456354166e-02
2.845024855356880628e-02
3.473132627230730331e-03
4.854067228508159547e-03
5.062378224652043686e-03
1.295713214080240934e-02
3.788291344771389790e-02
5.986940573639160101e-03
1.250541449491809898e-01
3.989381516068167544e-03
2.104459966710642282e-02
2.836402194470285035e-02
6.260296662146733540e-03
1.836692528471924393e-02
2.077105424302456982e-02
3.371311753170692926e-02
1.641540741932339537e-02
3.936994909132638526e-02
4.645952857241811285e-02
1.200470708413062110e-01
2.635769131834318074e-02
2.044879565029562168e-02
2.550851536585701379e-02
1.241607538252050003e-01
1.761221843397237780e-02
3.049554290848320234e-02
7.693821358536443583e-03
2.466017875029108408e-02
1.439245535785736996e-01
4.553510241616082373e-03
1.341537568701118288e-01
1.062299710540060655e-03
1.922271407622604469e-02
1.724511822045968201e-02
7.316388129413533767e-03
1.414989882356907855e-02
2.789709175277061901e-02
2.216480968865297552e-02
4.186900528714866676e-02
1.214645426935705846e-02
1.275371488074656615e-03
3.275341733029686619e-02
2.688128730388238130e-02
3.960756833914319541e-02
1.681272840451526057e-02
8.299551438968029091e-03
4.567426507969903071e-02
1.446774344286275715e-01
2.013741682069619329e-02
6.055070570778610384e-02
2.977228582365830031e-02
3.226965602285807727e-02
1.406547072183796931e-01
1.653035290398504817e-02
1.264610487686515516e-02
1.778717599926444431e-02
2.859661602665903440e-02
2.051094144810433964e-02
1.263442683827100677e-01
1.985963642924004624e-02
3.683028526850289086e-02
1.257350259591963892e-01
1.211643401117846741e-01
3.099400583914434931e-02
1.689727100725805023e-02
8.073533019390906340e-03
1.308524228487655261e-01
6.321514470620500986e-04
1.371180786455399904e-02
4.589759645574613411e-02
4.538210496547136208e-02
1.311590912187144964e-01
2.222465208722382290e-02
1.441035076039520572e-02
1.204331493536400441e-02
2.015201758258120673e-02
1.442806221016329771e-01
9.715540929272450596e-03
5.115932119787362092e-02
3.896647623001567307e-02
1.745862327128170147e-02
2.067677939908360227e-02
3.228114516735162282e-02
2.930241010193148504e-02
1.301334041697669863e-01
2.615221351650767745e-02
1.630416253261828680e-02
7.431906553097458734e-03
4.037407243074141346e-03
2.958665898070496694e-02
1.988211541048805209e-02
1.660273181154703001e-02
3.802056083022113675e-02
1.414505575219735488e-02
6.086337661588347298e-03
2.303786843872776546e-02
1.180547560555378211e-01
1.166652045810201294e-01
1.223522782901916156e-01
1.322851604089344824e-01
4.179154404891863295e-02
2.009116249214337041e-02
5.558538725898092003e-02
3.252217058552292483e-02
1.179969195722961606e-01
3.712689597054370794e-02
2.482779685540336886e-02
5.290260805073384448e-02
2.915373324925657483e-02
1.852416702623645509e-02
2.936990907670918374e-02
2.777134827348774759e-02
4.921573909037720018e-02
5.806877854858295829e-02
4.557896239957028028e-02
2.555406156884093560e-02
5.102490329936119201e-02
6.700422010602640442e-03
4.330948258027568498e-02
1.198385408821970866e-01
2.191464146263982435e-02
1.253586857658690046e-01
4.457351773975064269e-02
1.219437786391036616e-01
1.433012682032016628e-02
1.630416876829710385e-02
1.169525835273119846e-01
1.960809677122386449e-02
2.014903899524568207e-02
1.379032684086805571e-01
1.886853702256287638e-02
1.317517219970146258e-01
4.318683949912369147e-02
1.258662307920684620e-01
1.515333073251500517e-01
9.768888080743467345e-03
2.210404880578713260e-02
2.911077696152970795e-02
4.260384533462821532e-02
1.249824767607974063e-01
1.383600966446194014e-01
1.190640908075695989e-02
1.903545407789847266e-02
1.223745672645019100e-01
1.264615188879640029e-01
1.699435111378397659e-02
2.511171067015519065e-02
1.079150481604895968e-02
1.256985278763612240e-02
1.633122555601126610e-02
3.682464000728670472e-02
1.478704512232889012e-01
2.824500770533415472e-02
1.810649888209321656e-02
3.066438074390243768e-02
2.873294754134209442e-02
1.195624314146705586e-01
1.400377416423856936e-01
5.089325110751856916e-03
1.355138644940729331e-01
3.110443156932461706e-02
2.950626615002743813e-02
1.729549445179112341e-02
1.465074253291722417e-01
4.695613477533683126e-03
1.218007512841708523e-01
1.201687194377994670e-02
2.220125642418872142e-02
1.217413346539285429e-01
1.203995265750496535e-01
1.816960502706333608e-02
6.685034698254927257e-03
4.604040902317153849e-02
1.176970023814475075e-01
4.191927014551256880e-02
3.484182484483138668e-03
3.263626119705210354e-02
1.058406011282191604e-02
4.850064929723745324e-03
1.361309789388987466e-02
2.490209605750823632e-02
3.318628423916149955e-02
1.538004167924850521e-02
3.962581566802793678e-03
1.221290161129335444e-02
1.415807658867858643e-01
3.538834816995403698e-02
2.491529793741868379e-02
1.191358705712895621e-01
1.264926109529317944e-01
1.946498463380028077e-02
3.465167898535394253e-02
3.923354158756714449e-02
1.288572295169486126e-01
2.050235229933491943e-02
1.330301736845779237e-01
1.215393791847081545e-01
3.017230592383341597e-02
4.546895505333230919e-02
1.322993574849707088e-01
8.328740773190740007e-03
1.326950227036113594e-01
1.197132913723040065e-01
1.262547902783223985e-01
1.148589556985073756e-01
3.359877157929785918e-02
2.644816516417405894e-02
1.337016528123407821e-01
1.323995250847883054e-01
1.305153616336847677e-01
4.375118729631630177e-02
1.422640907019245837e-01
1.151157195565396807e-01
1.326304731904459980e-02
1.406517412369419073e-01
8.060555118783936310e-03
4.512070661046277409e-02
1.346011327009427050e-01
1.293372517435824043e-01
1.237889288204362392e-01
1.267848162930200473e-01
1.943277204939106162e-02
3.622500800911396257e-02
4.682646146249390255e-04
2.459079112961750843e-02
3.396341538935869486e-02
3.233654752649613856e-02
2.383334024328463002e-02
2.775729352760256466e-02
1.783076012883140840e-02
1.286520883147833638e-01
2.835233999832346627e-02
1.312493059386979355e-01
9.535445116162151111e-03
1.229695755088797693e-01
2.494933359544597093e-02
4.176998337586894372e-02
1.235490271543405461e-01
1.803574496142004713e-02
3.193992599234767027e-02
1.652535553164849111e-02
1.378175129616662775e-01
1.692011426520361947e-02
1.269236629016401163e-01
6.764231390060567936e-03
2.630434423044820946e-02
1.807015772770459092e-02
5.763887714562202468e-03
2.900500799766203217e-02
1.009056729048846655e-02
1.602900933013643239e-02
2.851190099321709165e-02
1.492040259024083465e-02
3.481567720557132706e-02
5.908942237497347150e-02
1.980262897409671916e-02
2.133546944220097302e-02
1.208369975366585941e-01
1.804697024120549553e-02
1.226894346848503639e-02
1.240698369053062564e-02
1.215329898155404209e-01
1.718689562182003361e-02
4.760219484988017363e-02
3.386986965420612367e-02
3.138369715646503223e-03
2.811211130014585474e-02
2.928443176738897147e-02
2.793563080967215173e-02
1.493939695312387350e-01
7.933524834470944559e-03
2.626998639974296394e-03
3.224477229281300789e-02
2.314198629584914360e-02
2.989861733294107982e-02
1.196599274164971555e-01
2.090799541923137397e-02
2.202111796102542568e-02
1.354294301112231660e-02
2.849804693322487842e-02
2.474224816703758656e-02
1.321561942715934468e-01
1.201971594410659039e-01
1.401964263949565526e-01
1.317751435791296444e-01
1.989626321308071016e-02
2.616745887224988104e-02
1.241382354503524077e-01
3.239961054041658184e-02
1.614876024990179876e-02
1.205487644513574680e-02
3.525104168764323781e-02
5.290457042349443195e-02
4.151974621976120550e-02
1.447512922746639896e-01
1.225502514356210590e-02
2.365553182469069815e-02
1.490390384669961626e-02
1.495598467899751371e-01
4.425834094797526097e-02
3.287907229215931981e-02
1.204973356512023114e-01
1.281741146703910261e-02
2.111039240951521206e-02
1.259142705892729863e-01
1.391784661186884486e-01
1.215138798206779058e-01
1.691831632317027448e-02
1.495394993691409255e-02
1.266761515561203588e-01
3.509214474902213471e-02
2.498179730190529940e-02
6.964242150287560870e-03
1.872492491401941614e-02
9.378444222522987336e-04
6.434346079109312493e-03
1.168054062384252939e-01
1.531957050865101477e-02
6.439960622002479686e-03
3.999457298513813680e-02
1.818921605820772794e-02
1.271639664072760079e-01
1.769970960203265040e-02
1.926303585685040787e-02
2.197668682425465980e-02
1.683057640485227094e-03
8.795085087890938680e-03
2.086399422331087355e-02
1.351249684253413852e-01
3.818957828092994777e-03
2.653995872062394224e-03
2.648933292742274362e-02
1.393527480417114037e-02
8.424144591379580452e-03
1.350309558474066529e-01
1.838777470750942861e-02
1.197656201611046883e-01
3.439633664025025517e-02
1.008337244929798440e-02
2.080324082716476092e-02
1.734874568641108644e-02
1.411463526194257391e-02
2.726527483992000761e-02
3.291448239898604744e-02
1.314384956060312970e-01
8.363269331546616114e-03
2.494848771980355540e-02
4.659147448689317933e-02
7.349037477362150780e-03
3.121525924128015772e-02
8.480980935860055192e-03
1.400925426641371208e-01
2.881724160253139669e-02
1.321230516366515562e-01
2.989289573830573865e-02
8.228003251490447617e-03
2.983666280097879361e-02
3.977050983822427027e-02
1.351164195855553696e-01
6.754653634490443911e-03
5.668366732956317371e-03
1.241148022213318242e-02
3.083608310086120852e-02
2.549806014525604625e-02
1.748676095839788933e-02
1.089173005803725433e-02
3.062533646216643313e-02
2.071275489544052717e-02
1.896714102916219336e-02
1.161946342675878874e-01
6.426743296778268145e-03
3.106523408198521435e-02
1.559826458941320111e-02
1.560607993070576779e-02
1.241721007839360486e-01
1.291320662539682251e-01
1.570878146415073673e-02
1.323294769733830527e-02
9.927680461671313517e-03
1.143604066209065982e-02
3.608897573467116648e-02
2.747668284515534728e-02
1.208708401801370930e-01
1.851302480971583203e-02
2.900360602920917449e-02
6.092068875936842119e-03
1.575943890981388110e-02
2.218598162316367736e-02
5.503195795248699840e-02
1.310232728036422323e-01
2.120987296257096852e-02
2.568551351551124490e-02
4.125231955875241496e-02
1.636660715614286429e-02
2.732101674125275714e-02
3.943955441208162049e-02
1.741230941973378327e-02
1.039467255995016846e-02
3.521639769430522093e-02
3.748803594544417809e-03
1.330657440741852549e-01
3.094800237428598638e-02
3.468146592397489819e-02
1.281523101205992721e-01
2.192426508609426547e-02
3.582939376610308480e-02
5.692858833660104784e-03
1.207075756269316430e-01
2.392070924315218769e-02
1.924126085255421434e-02
3.467572999688735280e-02
2.464233649423016800e-02
1.331031479267564266e-01
3.167251732235373818e-02
2.287478447329702527e-02
3.863904557668217110e-02
1.367879525851178057e-01
1.530082498592932362e-02
1.620683829346747373e-02
3.814073252113520801e-02
1.947324071101520782e-02
4.099036005763909141e-02
1.745008146553224740e-02
1.326679574950591573e-03
2.324487848030162146e-02
3.572317409677304434e-02
1.202268199955816401e-02
2.962740110040213912e-02
2.990555644380614095e-02
8.836899138726954026e-03
1.308804834161514108e-01
3.079010501383606935e-02
2.986241011550518770e-02
1.697972151660793669e-02
4.630594545887280200e-02
1.704575693026118624e-02
6.713355067440605894e-03
3.252177339123325794e-02
1.296952733042195938e-01
1.205472264336523713e-01
7.112840916996006520e-03
9.556353359579916260e-03
2.835183252411108135e-02
3.312304938116420600e-02
5.318883482994096919e-03
1.281522344760487875e-01
3.407521212263586730e-02
1.201785636682453917e-01
1.259376000913603744e-01
2.673691345223270371e-02
1.054886179047771592e-02
1.230196304105628385e-01
1.742214876214228519e-02
9.632664491848030169e-03
1.222006709447221937e-02
1.220177624321657772e-01
7.829851907374176315e-03
1.266767678440411035e-02
4.252602337249013209e-02
1.791962912436582261e-02
1.730941508063994771e-02
4.242470048091716989e-02
2.024075775253589629e-02
9.367878875786958201e-03
1.278301435640364636e-01
1.972725372503574687e-02
1.316886650959976819e-02
2.775819583064883037e-02
2.180180775399538987e-02
3.206032988474357553e-02
3.451446130364699272e-02
4.154292552219105913e-03
4.468382783276790560e-02
1.911395487976488144e-02
7.184958159628222936e-03
2.123248008724839056e-02
3.426356455781878144e-03
3.236001856203703231e-02
3.138474580668720870e-02
3.681594325769339815e-02
2.489626690735590939e-02
1.248389857004487263e-02
1.833801201835139755e-02
3.280998246929458378e-02
1.856494379542537529e-02
5.378168560824261174e-03
5.135313789125517392e-03
2.576939531889540363e-02
4.499239792194687643e-02
1.327989446862775161e-02
2.344951914897874801e-02
1.351339788677186592e-02
3.200232274603465737e-02
1.200600991358950209e-01
3.360330190020088814e-02
1.312555488474136944e-01
5.087324065102231951e-02
1.188567056818348733e-01
2.619478219189327189e-02
1.387472565555942020e-02
3.028858451871451613e-02
1.249627877569964574e-01
3.037752641644201473e-02
1.253140255228214761e-01
5.258595266017429548e-02
1.339703799908324722e-01
1.062794352308664078e-02
2.018215902244770502e-02
3.325286512286533547e-02
2.653666363356250307e-02
1.727887093574853247e-02
6.401420445706217273e-03
8.239322021713338037e-03
1.190194642875196523e-01
2.215361657542376864e-02
1.466062197090441631e-02
3.418265704609615291e-02
1.334441752826175387e-01
4.702329562826427362e-02
1.791526533232536827e-02
1.781857323061072917e-02
5.860434482887645971e-03
3.173940849579155038e-02
1.347762537922941317e-01
3.162870659773170390e-02
1.725245895952642536e-02
2.037182992929638739e-02
3.138843412608562089e-02
1.269078961527069227e-01
7.610836953848744077e-03
2.073456438100057531e-02
7.549531253730107187e-03
1.191581545772890383e-01
2.312799949735474397e-02
1.645736910243034449e-03
3.375713413746082858e-02
1.746931451874034896e-02
1.329079669635011285e-01
8.572074191641848931e-03
4.158839711001412372e-03
1.552660928752363015e-02
1.794007701666265955e-02
2.619383272685852498e-02
2.491088471814143293e-02
4.964268088304702592e-02
2.399719253701707369e-02
2.331309477315043205e-02
1.542879534727905344e-01
9.778932333234407678e-03
2.012044837418048432e-02
1.216810383029818254e-01
1.907188906196390435e-02
2.479135295403490230e-03
5.476577758208011487e-02
2.102701113813677108e-02
1.959262250720576748e-02
1.236448357190623182e-01
1.710287764748429779e-02
7.861455065098232192e-03
1.170947120806784675e-02
9.438359407903905429e-03
1.369731602996498987e-01
2.131132706290395432e-02
1.925656957958567228e-02
2.854819796568120946e-02
4.307227986239500761e-02
1.955643565836980707e-02
1.226366527822400077e-01
1.674486110744977455e-02
1.309407385590020782e-02
2.875012452431760859e-02
3.621165555646092132e-02
2.015811277784622726e-02
1.339389707128591303e-02
1.364491353255419676e-02
2.478784309304534611e-03
2.939446506107406404e-02
2.643227044503890927e-02
1.316289424851248002e-01
5.616683282369496627e-03
9.578833975798915767e-03
1.606554852212293411e-02
1.281424940858840733e-01
4.438329007827963857e-02
3.673449153796848332e-02
4.118576701215836272e-02
3.824112111491570487e-02
5.182795392120539968e-02
1.319397225939562268e-01
2.731571892956832781e-02
4.686604118569207000e-03
2.822187769367312873e-02
9.833178676309978217e-03
3.003488216775958980e-02
1.178691789096290334e-02
1.060087371195292047e-02
5.509158713172460087e-02
2.432413643433751355e-02
1.985021389549114154e-02
1.345257157606616905e-01
4.773210445371282862e-02
7.447520342548006461e-03
1.329783474718277680e-01
1.238002292483907085e-02
7.625286815625989707e-03
1.190563015897837529e-01
3.348742413042499547e-03
3.241794221931798559e-02
1.905680736783126397e-02
3.583729854369711171e-02
2.235298423825085243e-02
1.332573672886733784e-01
1.255967289158876343e-01
5.827211754171994496e-02
1.240819648543875151e-02
1.003218132284434266e-02
8.602994280449131892e-03
1.198922437443732392e-01
6.902950528444766823e-03
3.875205917134103006e-02
1.938331489415332648e-02
1.082976307511408776e-02
5.519762867215026892e-04
4.150389911056339559e-02
2.441246851084115724e-02
1.638778065729482730e-02
7.234920823280311698e-03
2.409552033220880088e-02
4.488381466420650334e-02
4.516305578145052291e-02
3.243005238749020747e-02
1.724717979664850548e-02
3.198358041813866015e-02
3.615909089571484741e-02
2.493521339333991046e-02
1.779137366440118606e-02
3.250532913016451753e-02
2.695044986782299534e-02
1.264701860610678852e-01
4.806213144437061768e-02
1.229381268545360131e-02
7.190557712721912936e-03
1.033272256148111239e-02
4.279835573085029321e-02
5.332665840146036396e-02
2.026528008595786245e-02
4.563018330591564475e-02
1.323122861941351466e-02
9.079714957867277697e-03
2.708802595477925734e-02
2.632250441505062585e-03
2.366933253676603219e-02
3.227557291801101680e-02
5.817412464870028860e-03
1.541231777916993520e-02
1.326672227472069088e-01
7.979110450910384747e-03
2.668744459233019992e-02
7.255354855050379775e-03
3.559220592246611914e-02
1.235046611984371018e-01
1.718531229801359070e-02
5.877883447698926955e-03
1.175161309449834351e-01
1.290277028018825267e-01
1.919586864326366937e-02
1.804555215809303115e-02
2.213157537947845616e-02
1.935741084405431800e-02
7.151716545092150906e-03
1.250149306680491679e-01
2.354455375029170655e-02
2.175541830899638956e-02
1.274445108542755258e-02
4.116504400926723761e-02
1.312402247795863008e-01
1.843353680242861004e-02
3.477347776703893466e-03
1.896911468032062842e-02
9.320484141664746314e-03
1.196725645080251171e-01
2.702629420717810038e-02
1.634511964853005081e-02
2.175786798532211228e-02
2.234543434994041081e-03
