8.473949567572459929e-02
3.951495969826473303e-02
3.943959410323455428e-02
9.079676877801323709e-02
2.298821072118594280e-02
7.854209923931071424e-02
9.806584973559476226e-02
4.724543182394433383e-02
1.278349405766297797e-01
4.620619764387878803e-02
9.549342225925123995e-02
3.077092897152632067e-02
7.418685739377253729e-02
1.253871404140863843e-01
3.163381813693072475e-02
1.123267990600657906e-01
3.791841539381219511e-02
4.915466126708890882e-02
2.858497065306026333e-02
1.176097508269764585e-01
1.463314643395737143e-02
9.176927050048397372e-02
3.377329421590684333e-03
4.028480076282595079e-02
1.051046634066210572e-01
3.108384418851718040e-02
5.908072082987406159e-02
5.827456045384488137e-02
3.083896810580858544e-02
1.113996365295925883e-01
4.154554898902019372e-02
9.179169127331994471e-02
1.255043468098005766e-01
2.751755325152580034e-02
4.538722716785094369e-02
3.658779985221361636e-02
4.270957384130138340e-02
4.228011060709099822e-02
1.417427568546132492e-02
1.983375179109423889e-02
1.239224454737586772e-01
9.944285807988828552e-02
4.322984743856294471e-03
3.329919541223907986e-02
4.789643180594525818e-02
3.588873041589019097e-02
1.331356696682785001e-01
9.509623699058392110e-02
1.501375152437298965e-01
1.041564347242912303e-01
2.722984916715197150e-03
1.318013402850684024e-01
7.103960739710737937e-02
1.788419266433988880e-02
2.009775671662425434e-02
1.282272420179171313e-01
6.182844633371748638e-02
1.129029824182218311e-01
4.351408549797770864e-02
7.036790470454654112e-02
5.411554559394218117e-02
1.731659329894067942e-02
9.223928768174653736e-02
3.424666944867314072e-02
3.194607295964404809e-03
1.095492599576463298e-02
1.092917966803941127e-01
6.448174781022281143e-02
3.679089008958371515e-02
9.364791001140670978e-02
1.172460864450811102e-01
3.507606613683829366e-02
1.007583087156838607e-02
1.924208840841311677e-02
7.178199525066690512e-02
1.024172231860257243e-01
1.873976103367171187e-02
3.819378059864615704e-02
6.495544995879970473e-02
1.318090232065649847e-01
4.801863666827074772e-02
1.295252342967101455e-02
5.955865597518130578e-02
1.336043698742674368e-01
1.238220277189238938e-01
1.693453043627442603e-02
4.649260505769120533e-02
3.856759560710038004e-02
2.666463230269245505e-02
3.038008536334817905e-02
1.320245810204839498e-01
2.917787163214127441e-02
5.448054241154960675e-02
2.105748374259863720e-02
6.588423014921296339e-02
1.755720453537550768e-02
4.933736706498940972e-02
4.667311967462300232e-02
3.103137644643903098e-02
1.101497369915351715e-01
3.709538685289891224e-02
4.515897905326989037e-02
3.875331883316925335e-03
2.209584609163288763e-02
3.099230342296944996e-02
6.320554363181940527e-02
4.753257135149542567e-02
1.933721575653280650e-02
8.216339013323784024e-02
1.264057387693394985e-01
5.479326561757895397e-02
3.156137566496530072e-02
6.437774840450673219e-02
3.962966708835936880e-02
3.868021030427225282e-02
4.563590592474578433e-02
3.705283686967618829e-03
4.673489503550437574e-02
9.238993771065916183e-02
3.961931569533599234e-02
1.319398283904520963e-01
7.798995405510166651e-03
3.800805390404669859e-02
8.229316099778123672e-03
1.016870568011736947e-01
5.303583092041681130e-02
1.018621952016668664e-01
3.973463870988715174e-02
8.775980555589815713e-02
3.019293411419859269e-02
2.850222137790726570e-02
3.458204090159644473e-02
3.014488766443802065e-02
6.762043982993162913e-04
1.659945968662948287e-02
1.303723949031605767e-01
1.105579677316976261e-01
4.984904789532655645e-02
3.802762545882296119e-02
5.304661140296461352e-02
4.727006738448745471e-02
9.597658482467155694e-02
3.673777176378831971e-02
1.160212384490814097e-01
4.552830535412077939e-02
3.332681372344660498e-02
9.668791427568074193e-02
2.923156964183990306e-02
1.674111508754748401e-02
3.222532865970054172e-02
5.840538918681481952e-04
4.678407356295298525e-02
6.382093601859163343e-03
3.401553594404597460e-03
8.161197822261165302e-02
5.800120309565849619e-02
9.640052539752604066e-02
5.719122892124832436e-02
5.112836189671635112e-02
8.354168609738564510e-02
4.626279862953520949e-02
8.309182373130299948e-02
7.024466920717642796e-03
1.313217422302550286e-01
3.319578023473773731e-02
8.934285992617813088e-02
4.553774557240643228e-02
1.245191469953738778e-02
4.592344520290681659e-02
1.819852838700913161e-02
3.054476861328687259e-02
4.856609662388491899e-02
6.173608748431393123e-02
4.909103331069850779e-02
8.441564776484540567e-02
3.975889630061225227e-02
2.438709639468709944e-02
8.495309307595945436e-02
4.879268840361800086e-02
3.175785996347798429e-02
1.216554337548708814e-01
7.962244981074431682e-02
1.173586918990760994e-02
2.786946833882660360e-02
3.184225142276148057e-02
5.473716042742235444e-02
4.746337291160440675e-02
5.601335026763491418e-03
5.260292471059953290e-02
6.103310171693127062e-02
4.969406215609734057e-02
2.858002576821951427e-02
5.206548043717180996e-02
5.403974282066464907e-02
1.067155319487487208e-01
6.475662042205304614e-02
1.983471844101326875e-02
4.786412426897536376e-02
4.781354061734623129e-02
3.830714437607766337e-02
9.611848333736541794e-02
6.522966162713422777e-02
6.429235288277448945e-02
6.623035062720079857e-02
1.692404536044787508e-02
1.030986617231260116e-01
3.583712511226139208e-02
4.046650215640342635e-02
1.946125736931208702e-02
3.780114267108249104e-02
3.178251214912400369e-02
2.897406363207045976e-02
2.609968944711158617e-02
8.139717167316438962e-02
1.409099784490938298e-02
1.057891924907745640e-01
9.390379182234881439e-02
9.944620156469624606e-02
1.479933693416122208e-02
5.769780359734194564e-02
1.247787539166445164e-01
9.452471556291034555e-03
3.631510472139021228e-02
4.237412221469931406e-02
5.101893559132978512e-02
2.066730019076136460e-02
1.275831853128316096e-02
3.145003494785411635e-02
2.728586232060167815e-02
3.449097650805335591e-02
1.238390018533371550e-01
3.326125730223472576e-02
1.522151099150451797e-02
4.981682561649194985e-02
5.198605649328950223e-03
3.839137476258040749e-02
1.106394360688150169e-01
9.317631226425582280e-02
1.889412066094952464e-02
1.037796453637024191e-01
5.456654996783986966e-02
1.535876763956492974e-01
4.394308676940439362e-02
4.933452838140806040e-02
9.084235254496032808e-02
2.154307641527473255e-02
1.798807003702993998e-02
8.851737822973926306e-02
3.077370633304877395e-02
3.548800622567018642e-02
1.397508260069304890e-02
3.749129878632478929e-02
1.006139435953619377e-01
1.032760427474855303e-01
1.048149042581250079e-01
6.081658878061804718e-02
4.024091267080294465e-02
7.586129753365290773e-02
9.994392418183113691e-02
1.453559076831511220e-02
2.419198482288945117e-04
9.315438774742149444e-03
1.336469848996488068e-02
8.907550333040424595e-02
2.647775551166874075e-02
3.429875167676661729e-02
9.819629492872515228e-04
6.248586664776949878e-02
3.327040663815714061e-02
1.040754577806899395e-01
6.084795042812773946e-02
2.189859802443974018e-02
9.309370486907540820e-02
9.600520051813081490e-02
1.882290402509287624e-03
7.471395036611089280e-02
9.627328533643693398e-02
2.024019471133952155e-02
5.534199271156232253e-02
9.899749423682399629e-02
1.725776688334329512e-02
4.421510890483376643e-02
9.215741693591636419e-02
2.680128467274678090e-03
3.773451394716947904e-02
4.520713502902128783e-02
5.400035733262784077e-02
2.819263160866438550e-02
8.060422040592306325e-02
1.102865200994521538e-01
2.957390445100189016e-02
3.129956562324479746e-02
1.105884816292835304e-01
1.006124013023471653e-01
6.925975634645997747e-02
5.854658688387348597e-02
8.542541465734816708e-02
4.933346197275118028e-02
2.667385658120430270e-02
6.027905839298380170e-02
1.123114334060376779e-01
1.944015287076016410e-02
7.002338568736629631e-02
4.751924800970189211e-02
3.306816935007432512e-02
7.056777137351377682e-02
8.551642392597946785e-02
6.223278248336522323e-02
7.965299371023736030e-02
3.141108588535878460e-02
3.529856125144936047e-02
1.798949211734191325e-02
5.664287578300344211e-02
1.153550480696470676e-01
5.968694891027645499e-02
5.443286720815159602e-03
1.203428563695403686e-01
4.075464228671418776e-02
6.523354357273819515e-02
2.215440042218026762e-02
2.046251208266391258e-02
1.143166851868239742e-01
2.597554013146370633e-02
3.010829400230832786e-02
1.939409188358228592e-02
6.543680659549780398e-02
4.527360079126819051e-03
5.838468755866211418e-02
3.195332032868342803e-02
3.880052432659078510e-02
2.485299429271541766e-03
3.379999021461389808e-02
2.638529230965339437e-02
2.123420158387540058e-02
4.349125298266243167e-02
1.653538924178852773e-03
3.733714766481063818e-02
3.500190087432042407e-02
9.472027844157124288e-02
5.477552863580404524e-02
2.165220701504461456e-02
5.247476895569305744e-02
1.591945471742984772e-02
3.429875340525964655e-02
1.046070639887758807e-01
6.095673033699466892e-02
4.205670741676096475e-02
2.466849199216149952e-02
1.381986634503840350e-01
4.619721667413489302e-02
1.552152505993396360e-02
1.317424699056801984e-01
5.786128778364163505e-02
4.688076767223880309e-02
8.653989881023647218e-03
7.334884413825953908e-02
1.157559263006103373e-01
9.576457086494641335e-02
7.396381689909659052e-02
6.953310083378543005e-02
1.107009914045840038e-01
6.525586266295196891e-02
3.665296871487877528e-02
3.960116092862388422e-03
8.123786882301992085e-02
2.683148103206153823e-02
8.549184497476691735e-02
6.113807588597332254e-02
8.352537503489866622e-02
1.825395202911845455e-02
1.079205189366803097e-01
6.112096137152793485e-02
2.496543226896909729e-04
2.784328715321185768e-02
1.236496726295119863e-01
9.756835463104599968e-03
4.884558850333616670e-02
1.537566366399471286e-02
1.037158216958897067e-01
4.509708217651735296e-02
2.404063362757995898e-02
4.508026943298564654e-02
4.651066821767230186e-02
3.409034149790333978e-02
6.931424061355709321e-02
5.529398593058271194e-02
5.686270965726723803e-02
4.565405943108842568e-02
6.230130508501065950e-02
8.319655638048240043e-02
1.437818240570687134e-01
3.018738035038617123e-02
1.139718423375400552e-01
6.562341089103565853e-03
7.904439201801766179e-02
5.722816817465573025e-02
4.039629202705981303e-02
5.375331896582594832e-02
3.049263714951860708e-03
2.957036275947535695e-02
3.807998334156909720e-02
2.727571644040954757e-02
4.670037637213353410e-02
2.470394311435893456e-03
3.009829391392707110e-02
4.896597152931497082e-02
2.092861465432040158e-02
5.716052711840700906e-02
2.346279479797270390e-02
7.890772543555055196e-02
4.084022798348094230e-02
5.565364069299082866e-02
1.020189182799157877e-03
3.435378562887487358e-02
7.081668592336524959e-02
1.409426007859418753e-02
7.187355644207714389e-02
2.624500887207873584e-02
1.220929531572889498e-01
7.036712671757927584e-03
1.243585142757840795e-01
4.407450881866599446e-02
9.051138145543449753e-02
2.738205907216359133e-02
4.086592506447365297e-02
3.343476787031100100e-02
4.797096078293884569e-02
2.057917723142744723e-02
9.811705549601255905e-02
9.977060607103388490e-02
5.825269583600144879e-02
7.615839330996095058e-02
2.742017947727214480e-02
1.018774115740180564e-01
8.466588607471098316e-02
6.063237989549075113e-02
1.877980034062165515e-02
2.135580544098883080e-02
7.410187483886052084e-02
7.489107156567792467e-02
6.020434541402766571e-02
9.647776201247171279e-02
1.112397777848476467e-02
1.722323382834674635e-02
4.767763864177243516e-02
1.211879286383742427e-01
1.766550223828645613e-02
3.412626717664111325e-02
3.727520143193892993e-02
3.767986246196259464e-02
3.277191804508595985e-02
5.828278200154923816e-02
3.045249180505177691e-02
6.164352835459744467e-02
7.965540103878226974e-02
5.972277878872032930e-02
3.874879352175884806e-02
4.746345728602709146e-02
4.285021252232900507e-02
4.625768084434591851e-03
1.578799419054067576e-03
1.152948508120591742e-01
2.579063819391877802e-02
8.221980558865989164e-02
2.902122865123526324e-02
1.607058632463269007e-02
8.289580147681660516e-02
3.106072584063182540e-02
1.193557085487154112e-01
4.855712648825120936e-02
4.230554177115326830e-02
2.156830203679114405e-02
3.787861527076111234e-02
5.073910762202194641e-02
4.410933393447944925e-03
1.993452919129319253e-02
6.235053070121857055e-02
4.814244767600437541e-02
5.608182120633316975e-02
1.007403740524241975e-01
6.488563717696797795e-02
3.489003664979316993e-02
5.541255146173967860e-02
9.903866613409666175e-02
4.533388755334678138e-02
3.745306167880285003e-02
1.411210713860469590e-01
2.878318020120144635e-02
9.336104711488002472e-02
1.378877388347651556e-01
2.800357253876430488e-02
5.437480192177924360e-03
8.969671099524385849e-02
1.987546438431433971e-02
8.851815260480005998e-02
3.744226151664985930e-02
7.120693247718654084e-02
9.896846533899500073e-04
2.102455745254135783e-02
2.017631254772148455e-02
2.530112684702263276e-02
7.075493850724784428e-02
3.631750416706793633e-02
5.090920131771917850e-02
1.570576109889871078e-02
2.940550319389356737e-02
1.103414349458379032e-02
1.284533942438311760e-01
4.610499772519242173e-02
3.651464199524401266e-02
9.837468487188775687e-03
5.402052950580370216e-02
3.638641895761467876e-02
3.903988456062523760e-02
1.767252621763920617e-02
5.416417033392627312e-02
1.024256118501092327e-01
8.274960206110756888e-02
3.009386467915044563e-02
8.073830898735691319e-02
9.152995947712497249e-02
4.406295288478241645e-02
3.831420353347718410e-02
5.228153106244015635e-02
8.190137644905140513e-02
1.001267849852316566e-01
1.936983072405571230e-02
6.971628242266229847e-02
1.734449507269495219e-02
6.696592773218178196e-02
4.860691773495182805e-02
6.527026757957059278e-02
1.740085825670089487e-02
1.162539035317865926e-01
4.345309592784984964e-02
5.760297156106284483e-02
5.768445722561758859e-02
1.450529021267358415e-02
5.849396799828074367e-02
2.229165796049463293e-03
4.941707911707714229e-02
2.675543720930690858e-02
1.269627278905366974e-01
4.638728204711490416e-02
4.925442640749390366e-02
2.412123986505138040e-02
1.152942367206321317e-01
3.287442350197485735e-02
9.796371552854316045e-02
4.993257161144166317e-02
9.195098346982280568e-02
2.571944322699110108e-02
7.896685592391074204e-02
3.530674116817437286e-02
3.577048455409176375e-02
3.605745352507311319e-02
5.988682131670670927e-02
2.487723202790247806e-02
2.862961151327450895e-02
5.034184867786248296e-02
4.233448307172584663e-02
4.189456450143157901e-02
6.141123730539938680e-02
9.137072698713925856e-02
2.030986614375781402e-02
3.712582732391492280e-02
1.040677325814924614e-02
5.917744633699444784e-02
3.641318692103460986e-02
7.010784688889066391e-03
4.875641128896199272e-02
1.584891141586553670e-02
1.177528181637347016e-01
1.204922857285834759e-01
6.811479158004028756e-02
4.159868929539578541e-02
2.806746750223801032e-02
8.441197431564681497e-02
9.850329546620649468e-03
4.992467894104454101e-02
4.732152656589526385e-02
1.488985718517257459e-02
5.336070340186277461e-02
9.128667414183549988e-02
5.525535212131257867e-02
4.442260257009800206e-02
2.565518883129714114e-02
1.070970155440975347e-01
3.763460983058702913e-02
8.519487839195727386e-02
3.429928060081153390e-02
3.278830414708922697e-02
9.031679310344273293e-02
9.466600971633709616e-02
4.668322624198949222e-02
5.736910436243921468e-02
9.615799164309513092e-02
6.983751841573877794e-02
5.909993987799849746e-02
6.976365304708875836e-02
2.282019380630605221e-02
1.486053107196565366e-02
1.077760764928962084e-01
3.601538166639689509e-02
6.979854667223310549e-02
5.394504674152001550e-02
2.731474373861362409e-02
1.009045948076492394e-01
6.973893815010807212e-03
3.374020126285642851e-02
3.322935476732404719e-02
2.641915428960267195e-02
4.325133482474233237e-02
4.181686312301574615e-02
1.087810513536401902e-01
2.044357265208280455e-02
1.070778569157589677e-01
3.601043128779786266e-03
1.902361354595875215e-02
2.654089441001807048e-02
8.400369100066543138e-02
4.501669633264760578e-02
1.267001248451730955e-01
4.860949895474062782e-02
2.424491710580185463e-02
3.968566495468504873e-02
2.071594718180797684e-02
9.324704023928297170e-02
9.860569000005356410e-02
3.874890355480981735e-02
2.558527592181243301e-02
6.260523085103018859e-02
1.005245527759795199e-01
3.244691598851721925e-02
6.068376703224284685e-02
7.717565854795424563e-02
4.844708406651477423e-02
4.218434475103809145e-02
8.822451830399695438e-02
2.597263727914262549e-02
7.962897396618245915e-02
2.609003218170821703e-02
5.349040082659954620e-02
6.067840785809916482e-02
8.274634798459834517e-02
8.064176361000571780e-02
3.302422239777527690e-02
1.165382268642441155e-01
1.762591690718633142e-02
2.737803592261615557e-02
1.568218930737081546e-02
4.330190890334845860e-02
4.995717730893908110e-03
6.425887165853706728e-02
4.374852705966172928e-02
1.841104105158670318e-02
1.012189132839243222e-01
1.261498685974209721e-01
1.052155466366942183e-01
7.712295269112046103e-03
6.510028317679297793e-02
3.365064247008433401e-02
9.496886942993082231e-04
4.089178405172973901e-02
3.432720222819775346e-02
1.131041719516065053e-01
6.189408028669161899e-02
1.081026077049147133e-01
1.988791197824650234e-02
1.938314822174230442e-02
3.211778148412693795e-02
7.765624718659541736e-02
1.091002056166493761e-01
3.709753998623035315e-02
4.839643328851409021e-02
7.036751162440494159e-03
9.793980580047062512e-02
2.958183561959877236e-02
9.031231987012205975e-02
9.424626206515947235e-02
4.868706336247429628e-02
3.004572493014523796e-02
2.097171953146002507e-02
1.223008900696171408e-01
9.915134695393487685e-02
3.172131013100094182e-02
1.098650270405838181e-01
3.147210104741548359e-02
3.485215130088473862e-02
6.199435991327745948e-02
2.684399132876565119e-02
1.232806392826358566e-01
4.567127616030868670e-02
2.206431285280998841e-02
3.821813334613466395e-02
5.034445314835207103e-02
7.384971096937192891e-02
3.633446966269730793e-02
5.172923386136130119e-02
5.018427861511065569e-02
3.504690420315154098e-02
6.786916928284383865e-02
6.812489836086788042e-03
5.568501530158568441e-02
1.175453358075979199e-01
8.580203713813122635e-02
1.626714331345378572e-01
5.055603281806977239e-02
5.975568162670091138e-02
3.117521745128697813e-02
7.898032848880900958e-02
3.173802397766796457e-02
5.112398688418903769e-02
9.795500905354029286e-02
3.169236171805688007e-02
2.716193084955949300e-02
6.187013206743680743e-02
4.876459719750146637e-02
3.391451106642767721e-02
5.377815096190526056e-02
5.684481978624364397e-04
3.329174487974114610e-02
9.111229548343556528e-02
1.036318785510308288e-01
8.820910122150781019e-02
3.260978714700213388e-02
1.251734196708308988e-01
3.906006017842944544e-02
6.018670319846257388e-02
1.774810755636607382e-02
6.239182400292750570e-03
3.754473030359090080e-02
9.475251683591180696e-02
4.272791242579807719e-02
4.154523525384904575e-02
4.340780545354677722e-02
3.620165378817929991e-02
2.898554112339065542e-02
4.312770142407342661e-02
1.026165392004055460e-01
4.746650010594934826e-02
5.911930190542173669e-02
4.823921478789314210e-02
3.967306252634197894e-02
8.552688507191047451e-02
7.420941822128712673e-02
1.042109035375915205e-01
1.079300204786886458e-02
3.099137894189216147e-02
1.302794429633703510e-01
1.003343076785939009e-01
2.746275391240572336e-02
8.246476018394006957e-02
2.195096458783731344e-02
4.270065253318927612e-02
3.254198763187627491e-02
4.162452267270014272e-02
5.734717058476018758e-02
4.042223098265441961e-02
1.348888425474131514e-01
4.515342725206542701e-02
5.539090991923562024e-02
5.165949275795844037e-02
5.576011364963985584e-02
2.236863917662029744e-02
4.267447067629459578e-02
5.633305587765637112e-02
2.592950762201462131e-02
1.836673562125931691e-02
3.063078845286028654e-02
2.203519079563553279e-02
5.294812677360169473e-02
8.230390300843761983e-03
4.224862960919458649e-02
7.755891359815353381e-02
5.444566972326198018e-02
3.367128000075191030e-02
4.511605030894574181e-02
4.666672136854625730e-02
1.168820274083380295e-01
5.237247137008076148e-02
3.610123101632468218e-02
4.293507985318649467e-02
3.245561487653621929e-02
2.710753568578805339e-02
2.118289572481720992e-02
6.901397923127594591e-02
1.068869086937314639e-01
2.080978740384669193e-02
2.944969660154531099e-02
4.917509456358204467e-02
9.375672805040591307e-02
3.439180537399641469e-02
2.123187855762865769e-02
9.585157118433492579e-03
1.160138355004589616e-01
4.290332228764256453e-04
7.334653450794738350e-03
5.738775680062933870e-02
9.214577219554234006e-03
4.214819383423917820e-02
6.161802504702067890e-02
1.186428913908419702e-01
4.533916429661370012e-02
4.834078019770098045e-02
5.029148350007656837e-02
4.870651212133472047e-02
9.416862379857586507e-02
7.712437468694707116e-03
3.872783436707732344e-03
3.434046308784449719e-02
5.295207200128185243e-02
2.757927115281114810e-02
3.860670204239820269e-02
1.969158629497897231e-02
5.143273697166170222e-02
9.997812394354080312e-02
3.077724738303237381e-02
1.087113155845871315e-01
9.977639390862402813e-02
4.356208073905676326e-02
5.587315398839919067e-02
6.149871415459241993e-03
2.611142733712880359e-02
3.474898454308887608e-02
2.496216419809101777e-02
6.288161726712916677e-02
3.468092645496167331e-02
1.282172641119168066e-01
2.052239196146033937e-02
4.389169610541365091e-02
3.920825177077757323e-02
4.350526952367048117e-02
9.009375992845107539e-02
8.454263084712827780e-02
1.450170447182725329e-02
4.161076682387221393e-02
1.216619019759713691e-02
2.799143076150963430e-02
3.381700029809564523e-02
1.099430788812112703e-01
4.232200624802510969e-02
4.282726895970152825e-02
1.157611596406436620e-02
5.747791312777425499e-02
4.987856312570630724e-02
5.718073576604248975e-02
1.289932376449256200e-02
5.893482438542596569e-02
9.553038972182127664e-02
3.127149106785796079e-02
4.216885684704978904e-02
2.209033753848092807e-02
6.692764295459251167e-02
2.497470752056184934e-02
5.613756127645609662e-02
5.832239188198914959e-02
3.293785669124599941e-02
8.382845712852368680e-02
5.107676287035663870e-02
3.341505601086234428e-02
7.241096999439713966e-02
4.894908781960548294e-02
3.056720572051076570e-02
1.248216973452515866e-01
2.671436562826328548e-02
3.750459939638303708e-02
8.616539152724511652e-02
8.275593155593927164e-02
4.963300251357605219e-02
1.142125846993733707e-01
3.971820113190756285e-02
6.839658786845723148e-02
3.238496136857376556e-02
1.307932927691008995e-01
1.311784802764804636e-01
4.629259939937888785e-02
5.867898752132909290e-02
1.167157827993367814e-01
1.612882402636388367e-03
1.097334657365165167e-01
2.466544501725242630e-02
7.460848819797857856e-02
5.238535494442952273e-02
8.227699410778574474e-02
9.834012143516623894e-02
6.246866148300440902e-02
2.961421093980731375e-02
1.040764378776482396e-01
1.025323099775555663e-01
4.580033625787061774e-02
4.690691380069722527e-02
3.571962394389853468e-02
1.058255961753660906e-01
4.599030304792580542e-02
2.963084593202133452e-02
1.283458357489950519e-01
4.505822521623480126e-02
1.541880449061516084e-02
2.199250720515471061e-02
1.048337489154820695e-02
3.699491271423836075e-02
2.330964095171666334e-02
1.412064655100316868e-01
6.239635487116891588e-02
9.607810518341708406e-02
9.015042741950647642e-02
1.458741500587263339e-02
2.486182591778730855e-02
6.396017591674206526e-02
1.637037237615347196e-01
1.072322365277315892e-01
5.783019685959966960e-02
1.310773035710574574e-02
9.223706140415291466e-02
2.765770386401869563e-02
3.387577310791037126e-03
2.966379855603064331e-02
1.325721232129195848e-01
1.805356275155325582e-02
3.660679011714240705e-02
6.672273375707060694e-02
4.021098058820025273e-02
1.291112647619014064e-01
2.901502521523611697e-02
5.282595640474334331e-02
6.118616531395874164e-02
9.903341909211142713e-02
4.151778473411604775e-02
3.827004463620084507e-02
1.519415160936437616e-02
1.161630375053546854e-01
1.920131779746512418e-02
5.772708572033941749e-02
6.825655570351872592e-02
1.054066712842998375e-02
3.110231950430520503e-02
3.634163825007241666e-02
1.120539140922438906e-02
1.283790282483506240e-01
6.482798425782299034e-02
7.594458218274788112e-03
4.018134744246201762e-02
1.486541039601640621e-02
6.091933875607871696e-03
4.367188493540567068e-02
7.276306987099440994e-03
4.765944285246412337e-02
2.812471001709624177e-02
1.226057777266348486e-01
6.730816128454478187e-02
3.172328394854223577e-02
4.077156301255098481e-02
4.723120454631482557e-02
9.882862956610966726e-03
9.515484950852122481e-02
3.026353670782265179e-02
1.861976773977652017e-02
2.100119260625821216e-02
1.603971022581187136e-02
8.769407766743603228e-02
9.511574945596389455e-03
5.292526086906720884e-02
6.124440568800928325e-03
1.331603483992623294e-01
2.799606267880086138e-02
6.016782076895151044e-02
4.199942814094183990e-02
1.064353556498615905e-01
7.358101075003151137e-02
4.274093442425505596e-02
1.409440513649101168e-01
3.793610522590214196e-02
1.094198836528118557e-01
2.926533272407070077e-02
2.893876352718770598e-02
2.047189277173462607e-02
4.761526417725356342e-02
6.054036730449384451e-02
1.009196612674011229e-01
9.537560688028716427e-02
1.048684013892555722e-01
9.384388402717640243e-02
5.193596320247604453e-02
3.397993641281765731e-02
7.128377793779852589e-02
1.331890305149956710e-01
5.692357954107583884e-02
6.610327257769092746e-02
1.859672778770693046e-03
1.433143017299163754e-02
5.172124024578837048e-02
1.079466652963009289e-02
1.400375344078096281e-02
3.997199524397589132e-02
1.599577237019763482e-02
1.050273517791900230e-01
1.075335120868000233e-01
5.599013386495410582e-02
6.607888413152016027e-02
