2.424982120600522428e+00
1.006603866374604084e-01
3.761808987342050714e-01
6.575511695365392206e-02
2.053159945623452831e-01
4.886085745750093356e-01
1.133721635833737779e-01
3.526979766847451736e-01
1.182884504637591455e-01
4.570841788786540044e-02
4.800468901244647757e-02
5.064513001795384328e-01
2.689166669040401469e-01
2.762689113780606442e-01
2.580907868677817518e+00
6.079551740555257933e-01
9.239162322275173977e-02
1.009721303186283392e-01
1.691645935776549259e-01
5.291333499194682544e-01
1.969928184679243521e-01
4.203199604417577340e-01
2.644764872218839935e-01
7.471289326500089867e-02
5.062167175380862805e-01
8.642851105744295270e-02
3.098956145597741574e-01
6.157286366003747458e-02
1.331108848565590863e-01
1.758559444944255978e-01
1.138940579283778398e-01
1.126764129990783375e-01
4.757294227335939207e-01
2.498912892831314458e+00
6.587747026764881331e-02
6.256355308821072159e-01
1.418937582249602536e-01
2.787276577142500100e-01
3.586978413214014783e-01
1.236078998459695100e-01
5.106694878667386028e-01
2.611921252966263596e-02
4.923694579821208395e-01
2.292188840353419077e-01
2.742148281917534125e-01
1.779126074673218483e-01
3.045323257065895017e-01
1.411908432730709095e-01
4.379482474727685037e-01
2.600382077268932890e-01
7.864541123393931077e-02
2.590894188661587161e-01
2.518456264571347636e-01
2.433445985533475131e+00
4.733345225701881542e-01
6.533771928209354540e-02
2.480625681154104423e-01
7.373793966347857998e-02
2.368862799999908564e+00
1.364752362301126787e-01
3.391332999176455143e-01
4.634682005527921422e-01
1.195347776618917446e-01
6.669709593865767727e-02
1.595837410797128209e-01
2.589756002120213285e+00
6.315297495833842312e-02
6.331417473889950909e-01
2.445242488723649021e+00
5.786613162367222341e-01
2.514829454557609978e+00
2.420865131406472415e+00
8.665185987487451780e-02
6.960724204477798660e-02
1.297552431219395064e-01
2.107104097974696055e-01
2.986834280083002779e-01
5.471366691897645573e-01
2.532502856531305468e+00
2.467820490902290054e+00
4.176650523943000182e-01
1.868047902736265017e-02
4.177862653555206029e-01
2.564392977617727887e+00
1.425787886234810009e-01
7.443697204921635724e-02
1.148116846399062502e-01
5.022093813479493463e-01
2.440290351134863922e+00
1.160217469195253259e-01
4.550058611803178277e-01
2.438633878843147418e+00
4.897974345292366860e-01
2.387560018544963469e+00
2.159427253242283962e-02
2.422544665130367481e+00
4.587855176712535843e-01
6.740700463606388859e-02
2.815876350589285870e-01
3.060033139618585918e-01
2.453706683884838924e+00
2.545432262108418442e+00
2.411814171613140267e+00
5.101442228917750787e-01
1.312530626343646756e-01
3.189311013791625848e-01
1.076693343796126801e-01
2.420823929312430067e+00
1.689827026902868401e-01
3.332440272948323789e-01
7.967329935656844442e-02
2.439599395320553032e+00
3.261386957651284391e-01
2.453034307941485692e-01
3.727314047467981950e-02
5.335143903885654071e-01
3.248187968868057607e-01
4.723906699388175090e-01
1.050016319610592580e-01
4.612656052206861590e-01
4.881089215770160750e-01
1.673833745293400177e-01
3.487726870274047708e-01
6.302223225358881686e-01
4.843584693579865430e-01
1.270894396056059528e-01
1.873557828628178434e-01
2.436181683979476986e+00
8.011954567435600194e-02
8.542721441878742272e-02
5.035282018359880096e-01
8.085652856207879713e-02
2.444019462259131359e+00
1.281821399905862802e-01
2.073476247668039063e-01
3.633381764158182814e-01
2.474911612790514859e+00
7.941551964259188634e-02
5.521332781313106342e-01
5.416865733259293436e-02
2.392712596731130237e+00
1.852562637229890341e-01
5.083299562418620576e-01
2.481165118225440391e+00
3.662838220974301562e-01
2.618219477412606633e-01
4.219596253132477104e-01
1.038068677600752776e-01
4.207981029285445818e-01
2.542027910890611864e+00
5.096722016455620397e-01
2.434410771503045190e+00
6.074096823356223140e-01
2.423156248318385941e+00
2.725668770208560798e-01
2.535036605764095174e+00
4.776372823762840836e-02
4.943150533963320825e-01
4.494862297783663307e-01
2.525104183480961217e-01
9.307615337151831092e-02
5.046224157317596992e-01
5.312781555227051866e-01
2.104651828890067300e-01
6.246054132820118010e-01
5.102495219763718559e-01
2.554743809261180498e+00
4.816050498581174177e-01
2.205064481111547736e-01
3.864141542877899682e-01
2.459118847374527572e+00
2.419585009745157667e+00
1.285731279811292704e-01
3.307191500136855700e-01
1.980696162334946164e-01
4.436070245843003884e-02
8.517005445427001942e-02
1.969123569192055556e-01
2.557614981711470836e+00
1.373867503492187669e-01
4.868242857643706456e-02
2.545203697253351383e+00
5.719789310692250384e-01
3.229446604484648708e-01
2.453838740814804797e+00
1.703843059103490876e-01
1.579137482139617299e-01
5.490971115111793477e-01
2.476312349381372346e+00
4.664619641657989924e-01
2.735251583178220369e-01
2.483687808362588179e+00
4.296075066583847635e-01
4.805034456505288265e-01
2.575329372212433188e-01
2.437755588320958289e+00
7.445752650661296990e-02
2.438916669822152716e+00
1.946954782712234100e-01
3.983079240087050721e-01
6.702586738815140277e-02
6.831114277157721015e-02
1.387483094114069504e-01
4.991373322301043691e-01
2.389187518676509470e+00
4.725290090912815932e-01
3.603906547111338510e-01
2.829312675763353754e-02
2.537557800976281364e+00
2.410956271143554375e+00
1.712025326628504596e-01
4.981313658962732149e-01
3.900098389557735690e-01
9.159873441250783455e-02
7.680190647619981881e-02
2.440250735854307074e+00
5.941422147355033406e-02
5.726650057086002388e-01
3.085157944582864534e-02
3.180019908538502804e-01
2.982579089237988867e-01
3.041540735281149654e-01
1.252390261496037493e-01
6.432999880645784430e-02
2.389874764539003937e+00
2.456472475460561800e+00
3.091398739714129040e-01
5.122923241243382275e-01
1.215330750335331667e-01
4.707561166110408868e-01
5.228378262098415385e-01
2.426886164046719419e+00
1.440016750629914133e-01
3.582685467403881052e-01
1.665902341462707215e-01
1.511525719522854305e-01
3.054755453910888985e-01
3.326613875823995481e-01
5.666974978141879893e-01
5.759081391703209374e-02
1.628736152586839347e-01
5.369775064263044434e-02
1.127661321390771715e-01
7.387587083781164965e-02
9.339969593292632433e-02
2.738833704722977713e-01
1.071960928652345019e-01
2.439324720262013191e+00
1.016546240508197918e-01
2.453828802311690538e+00
4.078134024858401374e-01
3.394884086920290089e-01
5.087353699823546904e-01
5.246855507298128218e-01
1.631411956352158965e-01
4.644922871599746483e-01
6.005359733209898743e-02
1.700744062555364922e-01
4.786996554462137343e-01
2.637353341954241648e-01
4.750828782402642392e-01
3.149336359752402115e-01
1.396420624063695048e-01
4.805133793036983625e-01
1.884041205535122165e-01
5.146231038984125927e-01
4.762101385043647772e-01
2.516333921056037037e-01
8.840085535643235626e-02
7.409933045506897353e-02
3.342266360963134786e-01
2.385111191714389456e+00
1.077438874299960769e-01
2.499705085441773278e+00
3.865449783572111331e-01
8.965064144753376318e-02
1.195612628695939539e-01
4.627803962516791048e-02
1.291436305670770335e-01
2.750785916552372368e-01
1.369746301577805248e-01
2.430699966626697961e+00
6.602065641135158591e-01
2.403662929905304058e+00
2.380865161802636631e+00
4.352989026145277496e-01
5.836385267733396054e-01
1.690833281350219153e-01
5.978161934822768392e-02
2.430135103853606537e+00
5.650735956102935775e-01
2.566422476922129992e+00
8.086278716043797388e-02
5.793235668052258980e-01
4.114266294969064486e-01
1.193803357401539283e-01
1.127565692806324904e-01
4.835490684004404849e-01
6.618700389649652405e-02
4.547319483813565960e-02
5.161827196547431607e-01
8.190374405835090799e-02
9.159640005813579622e-02
2.378173808459972172e+00
6.272961715072844502e-02
2.439996088841621447e+00
4.150007533799001114e-01
8.031441013176413013e-02
8.318396183231889507e-02
6.054509362210968026e-01
1.164893176126980262e-01
9.076310450924462980e-02
4.676796018474774774e-01
7.921548245367640573e-02
2.347942464296915444e-01
2.391676060658857850e+00
2.603459279393351977e-01
1.215894585889114726e-01
2.425082490001195357e+00
7.158365435006630584e-02
4.590856372178619416e-01
3.298202228470184516e-01
1.359355124660857062e-01
2.487732379140158212e+00
2.465528879795777950e+00
5.390904775654541403e-01
2.525780769066430786e-01
7.470978845595130369e-02
2.441385066417857352e+00
2.624265398872828725e-01
5.513706757537027020e-02
1.134796034804897297e-01
1.061962422090228370e-01
5.648616873478703448e-01
5.301832324768380733e-01
2.407366344531467472e+00
2.463818836972592408e+00
2.120119678445137601e-01
3.060603540562935043e-01
1.950428328997336758e-01
2.459684433764398381e+00
6.133837721907042101e-02
3.855950778907302756e-01
1.187748834659317215e-01
1.665756321286221975e-01
2.388449349120887355e+00
2.646203236425528210e-02
7.653332510778911024e-02
3.330931945950137418e-01
1.963923766178286567e-01
9.443098855001616498e-02
2.407462111668512428e+00
8.856905789469628199e-02
2.054671641018860906e-01
4.714603112253605288e-01
2.501112845811057195e+00
3.755834618969439154e-01
2.726443881267381353e-01
1.493889388164411081e-01
2.579897788439281525e-01
1.303363000561171825e-01
5.737007670295682926e-01
2.451992963875161635e+00
5.731772140704370910e-01
8.344512507662776857e-02
6.077542783297034540e-02
1.626748513538460172e-01
3.514733916560505711e-02
2.449946083950969467e+00
2.879346773623223110e-01
2.406616900102347856e+00
8.243872985490345584e-02
5.946822095085269044e-02
7.789774376057252703e-02
1.101037417085215797e-01
1.138804287001565912e-01
5.454949931771311267e-01
4.903582440470669046e-01
7.724855573193069314e-02
4.783825702585906003e-01
2.324453191822049500e-02
3.719429611184905948e-02
6.412146414614353085e-02
2.534518805231316119e+00
2.587100098886469635e+00
1.842015324457430547e-01
2.503978851380777915e+00
4.512071617960506931e-01
1.867120879165802272e-01
5.877549372859926236e-02
2.431508696750400489e+00
6.586861158464680788e-01
1.630934269858701213e-01
5.230000712374154315e-01
2.459660007049257580e+00
7.510418350955086475e-02
2.415287576777302103e+00
4.524624960148299069e-01
2.485951223511925878e+00
3.166247865893497826e-01
5.187416039164653991e-01
8.096934003308535466e-02
4.702425046004131692e-01
2.050340772848980309e-01
4.959021274867914109e-01
2.140459153051508800e-01
5.496841033798944426e-02
4.423816236865948243e-02
8.765696637391637291e-02
2.374096866567793729e+00
5.063031552894350362e-01
1.139046737055424280e-01
3.078976259770312973e-01
5.818407789593018631e-01
2.433741615088144350e+00
2.372591665441135256e-01
3.133154759234786368e-01
2.422581654042196941e+00
8.503398689128513488e-02
4.777310594117051834e-01
3.740449197298958417e-01
3.351393726837496589e-01
5.943202693994052016e-02
5.824506153830265598e-01
2.378609378366955518e+00
2.793942316565378170e-01
5.311473524660399459e-01
2.599679694706816258e-01
2.919657157787772794e-01
2.425933264686413349e+00
1.036785080540127968e-01
2.422148651643455164e+00
7.387149445059766617e-02
1.308402915153461799e-01
2.688803010514926456e-02
3.693969351013726143e-02
2.499024311963715661e+00
6.124727707925568115e-02
1.003336168600969663e-01
4.842074684520193406e-01
3.445144307100727055e-01
2.441521171978553006e+00
5.070462406518377874e-01
3.121711543791665933e-01
2.516247278794278230e+00
2.522239967841108932e+00
4.728504010726163886e-01
1.823583525442791856e-02
2.448481825712844895e+00
5.812256759187560684e-01
5.657275615589026918e-01
5.255925684287836575e-01
5.240878089176617682e-02
3.270545983020900493e-01
3.097858378400234480e-01
2.470234971325567130e+00
2.439596578860333764e+00
4.079880262781658828e-01
1.475996302326783582e-01
4.618628488396404191e-02
3.991619025505472318e-01
3.222848579321652140e-01
1.814093863669386242e-01
2.372213151532571174e-01
2.428177727004003916e+00
2.249648675032684120e-01
2.420531627826320253e+00
3.849079281881759851e-01
5.106318629636590334e-01
2.625678254022906222e-01
3.092676560390714147e-01
2.494578083361999710e+00
4.382099658193276959e-01
4.693219698830680131e-01
6.712696343282915645e-01
5.846797488264652287e-01
2.223335800150252201e-02
3.035016120472627255e-01
3.174240117671522921e-01
4.920858324994236699e-01
3.151797546891906276e-01
5.416735390781065584e-01
4.752680034327071978e-01
1.080309939967346866e-01
2.444270442393834841e+00
2.575288281330199713e-01
2.163248396864907511e-02
1.827134955973148123e-01
2.497606379734726545e+00
7.231695531531578958e-02
3.099946199626559262e-01
6.128085946202955769e-01
2.383050729108762145e+00
1.301090780497367039e-01
1.002236857569293177e-01
5.318177774060734997e-01
2.776513596605995060e-01
8.338510233421748963e-02
4.945219401795006853e-01
3.430109864902854133e-02
5.139251212447484285e-01
6.538692330403553243e-02
2.135141764486573335e-01
1.149916405667730929e-01
6.544369608397138105e-02
5.224671168491660245e-01
1.365974668822306781e-01
2.606471201149218597e-01
5.055584381450908271e-01
1.541133992370872230e-01
3.441042785683003369e-01
4.637985959184484086e-01
3.168170640164870711e-01
3.167109158245502987e-01
2.377961050244392638e+00
2.419995323442765134e+00
2.442418363859716113e+00
1.315920360558257007e-01
2.404717030325985494e+00
2.836437827809118462e-01
5.059378418102251640e-01
2.366423984749081999e+00
8.313268133674746319e-02
2.577892297458601600e-01
4.386314448479225470e-02
1.056560360640097507e-01
8.703014019725423267e-02
4.746706272992536890e-01
4.587846241252649393e-01
6.785052295942547995e-02
4.651699145341376962e-01
7.033256664141346315e-02
6.371373340196115898e-01
4.768744337979587411e-01
2.421865381936350925e+00
4.144547403108748973e-02
3.288700064918689270e-01
2.387946643023383331e+00
8.672555638729025074e-02
1.259022815169211496e-01
2.238554264115427683e-01
6.105391860263249468e-03
2.434282277903656144e+00
4.634354551757479124e-01
9.877984699070571639e-02
3.144426712275942282e-01
5.716804435936869710e-01
3.008337701497895700e-01
2.896112732368676390e-01
5.746814201093163044e-02
2.729207433016421769e-01
2.497234275895527378e-01
4.820872116418172260e-01
1.495624634092519445e-01
4.714167868823365692e-01
5.399291334157978878e-02
1.360113488032413942e-01
1.616683996721192118e-01
2.404072760229032379e+00
6.266721841992768660e-02
1.191011620741418281e-01
2.370344815582894615e-01
1.349473923909839945e-01
3.356225477730606088e-01
4.522889658936500301e-01
6.010651339302887364e-02
5.730084975783845957e-02
5.504604078627493013e-01
2.623960676336174053e-02
3.849781092949656758e-01
2.388576736287945756e+00
2.331860562873456222e-01
3.336487860701375374e-01
4.363934424454884997e-02
1.306424021468865215e-01
5.276173321144987938e-01
2.387163696443266758e+00
8.873323654558250284e-02
2.068783576073956465e-01
1.834774364121755375e-01
1.686715851884897088e-01
2.702974482215647622e-01
6.446141630306559400e-02
1.916302198892992359e-01
5.706406126842529236e-01
7.796126141288226008e-02
1.167651698951782113e-01
1.125550268215551042e-01
1.835153843581168176e-01
3.952551179300241024e-01
6.052951661393641825e-01
3.719420493138316797e-01
2.554784140138439130e-01
1.260388320078383029e-01
3.099658925288381606e-01
9.055226208429299761e-02
2.449660258957599979e+00
5.097299523085523365e-01
5.076471428617101989e-01
6.012286924398487775e-01
1.418709771565032814e-02
2.443714573993552186e+00
2.385641183074087124e+00
2.420412566766376283e+00
1.296485394921136625e-01
2.558259406592853669e+00
1.857879354525753812e-01
2.838744044412227358e-02
2.206239981854897225e-01
5.104461101678764434e-01
2.391247247959141120e+00
5.059632407889608219e-01
2.376307920044836930e+00
3.953599165333042398e-02
4.861033264130124043e-01
1.658871439679101556e-01
3.106099484923777743e-01
1.423841868338799610e-01
2.398679514178534422e+00
2.299413292150815913e-01
4.988108139344964997e-01
1.260924789609818020e-01
9.965025298004680232e-02
2.666673061650113308e-01
8.520306754259682550e-03
5.104338204746211582e-01
4.595795158536736813e-01
2.407772414714477005e+00
1.193554518751161198e-01
7.505033385359122233e-02
3.038721242651784560e-01
4.876114210132057036e-01
1.533096998814418299e-01
3.198038243388154345e-02
3.083661116242852884e-01
2.449524512536088050e+00
4.713736564104408777e-01
4.708327080846666512e-01
2.478015592852832683e+00
4.672879179649483961e-01
5.360749457400576512e-01
1.310471826379825122e-01
5.813730169528086300e-01
2.442411318035492940e+00
2.769402175665707788e-01
3.222707725295575476e-01
2.872932452865064046e-01
4.964685193890271131e-02
1.651406429442826007e-01
1.738040076632189901e-01
1.351930146475508188e-01
4.732319660121087623e-01
7.920631390841412212e-02
5.392231556619597743e-02
2.439927199449367201e+00
1.432548090928365825e-01
1.438713530327663248e-01
4.805026291615167588e-01
4.718875091655763687e-01
2.818843511674070657e-01
1.518392934602304234e-01
2.905876154704864836e-02
6.513622148082286456e-01
2.444959446013177384e+00
1.483907091641021303e-01
3.085768840318007245e-01
2.457194018806967861e+00
3.280810997810464924e-01
2.485630518152531998e+00
2.435462521136117164e+00
3.387149432680939265e-01
2.514182630670183549e+00
2.511817750341865274e+00
1.049661521436609235e-01
2.448395132862708490e+00
7.380456180137481836e-02
7.207539554274025595e-02
1.340403067662868652e-01
1.779239767664464456e-01
2.701877266030159874e-01
8.931884912985077474e-02
5.740168661906986936e-01
5.272599777217349404e-01
4.679716529425748117e-01
1.303238166616419724e-01
1.501640414453721539e-01
2.543628883694800891e+00
7.719738362422569333e-02
1.912185852529141861e-01
2.567218023782899206e+00
5.376767063800100832e-01
1.270872865697741383e-01
7.813803822705341073e-02
5.679143443835980021e-01
2.393476924562796260e+00
4.720946454446780516e-01
2.863828481772226486e-01
5.466126578735021058e-01
5.615422585019442803e-01
4.643171292918442106e-01
2.713335878598884809e-01
1.417973419917117617e-01
2.988125239805125011e-01
8.800419571247289352e-02
7.723068087747680943e-02
4.317981330749229296e-01
5.870338317570715780e-01
5.459035976605251111e-02
1.239283434842276821e-01
2.598876243298239963e+00
5.025315698423573618e-01
1.284057417218557873e-01
2.409860425978328724e+00
2.793996157681333248e-01
2.466991402800271960e+00
1.047769498326851789e-01
2.462041195128429560e+00
2.371124887105738210e+00
1.745679018185626874e-01
2.519454160559268185e+00
3.220805131135225929e-01
2.367637418620384793e+00
4.200410245155717370e-01
2.501176626644996848e+00
3.594925069035187493e-01
2.637458294357939437e-01
1.193369130499308539e-01
2.697704006354815220e-01
4.528077595984183468e-01
3.363918360270530261e-01
1.656539740687676746e-02
9.949610170438136225e-02
1.891652028982836464e-01
1.577621721054580095e-01
1.491355047221399888e-01
2.568910820061597100e+00
2.430566422278336081e+00
2.387700016977750028e+00
1.322417305613872440e-01
2.443071871792038774e+00
5.822627690715440618e-01
1.132074924548639727e-01
2.438702465227855054e+00
2.573492131329976562e+00
3.490325512246683082e-01
2.375543181813706717e+00
6.154035964228660172e-01
1.175017489888888628e-01
4.742321391409382025e-01
6.222895710302314143e-01
5.069619925245933967e-01
1.528627307273609792e-01
3.552516205279359074e-01
4.061663327379264055e-01
1.452631330310083790e-01
2.368442448591202343e+00
5.730165163455637201e-01
4.842750934152227349e-01
3.843975993127386470e-01
4.606434307373813986e-01
1.996840226604681412e-01
4.693292537742648762e-01
1.675458557160618422e-01
2.169791511029433850e-01
2.555887507675935755e+00
6.137780145863039327e-02
3.093465624227564881e-01
3.077285496821163258e-01
2.989113146328944981e-02
3.345461314681426324e-02
5.576846350100764793e-01
2.105608487040936949e-01
4.658968945338429757e-01
2.646332600724299322e-01
4.053778257293327303e-01
2.439059914633888493e+00
2.492295619413284591e+00
2.475222599167234971e+00
1.279339546359436197e-01
3.480852682752574867e-01
2.391224663451401167e+00
2.515476452157070053e+00
5.037514169923466151e-02
2.378043693445055062e+00
5.266355639804729538e-01
1.455439013444269070e-01
2.436093083294658346e+00
5.874754174680461329e-03
2.407771762920476011e+00
5.103194597159004253e-01
2.055452414512303760e-01
3.024960700301841388e-01
2.393455803770741408e+00
4.789272126298815269e-01
2.397590198277646856e+00
2.498299788812821998e+00
5.423039082233989117e-01
5.192333522898805453e-01
5.648530642259523837e-01
6.424334891500224631e-02
4.661881345107693475e-01
4.300265815061510843e-01
4.665410992283708924e-01
2.695710935320663193e-01
3.143448214545604968e-01
5.834000619066226356e-01
7.074937464433353473e-02
4.894637944112114614e-01
1.960374657302585699e-01
2.391221708177321492e+00
5.304055174443397247e-01
6.396012400726477920e-02
2.404584534250058692e+00
2.386776822475626947e+00
3.554361716387134662e-02
3.036919909904932657e-01
2.414421403787885723e+00
5.392359989172450518e-01
2.394040047503421587e+00
1.020824407490235064e-01
2.018030097225552710e-01
2.505009203520621952e+00
2.495189654876562635e+00
4.753703637405749804e-02
1.453098992970350278e-01
4.653129277014594889e-01
9.161740522435196654e-02
1.358675094082399948e-01
2.364192382155211325e-02
3.000942327326701631e-01
5.210122871383138232e-01
2.406636183355883585e+00
2.424938919993465891e+00
1.977418785843073623e-01
3.148129648887000864e-01
2.824845134987577500e-01
1.420220591526998866e-01
3.034880839017600751e-01
2.445814673087383539e+00
5.019025488861659223e-01
4.778473915106700720e-01
7.446804836491364987e-02
6.154060757349212596e-02
3.095295534714540553e-01
1.931112943194942810e-01
2.744127082003860463e-01
2.373633947196932326e+00
2.451102420323014730e+00
2.024196336943757668e-01
2.432743050534013296e+00
8.659308746858648820e-02
1.632615050683097757e-01
2.590732183457133964e+00
3.423461033636275574e-02
4.750474133159077184e-02
8.027598365947621883e-02
1.266707825925092179e-01
2.685098982290829994e-01
1.285026169905168492e-01
4.947145494626885298e-02
9.461212759766007840e-02
4.747225558140247825e-01
1.572327655726566409e-01
2.629024361041701896e-01
2.498229648325672514e+00
3.190181081763427962e-01
4.703903793014212464e-01
3.865643301085104899e-01
5.018216118306361162e-01
5.905218076389177062e-01
5.673702688122334720e-02
2.856982057368146477e-01
3.377649328557236763e-01
5.564118110338294176e-01
1.221345309521355560e-01
2.901619431698352902e-01
2.416545521880548275e+00
3.945397362697901089e-01
2.423119864949184965e+00
2.416974541554812284e+00
2.527619883525487054e-01
1.795594258899411433e-01
1.582623664851128334e-02
5.192597286646988275e-01
2.420521942431136164e+00
5.932996980900049344e-01
2.433191957229620783e+00
6.039193215431766237e-01
3.562468422739433205e-01
3.282461813451539173e-02
3.081632944162315257e-01
2.529878575550980613e-01
2.958131601519995435e-01
5.520874087809571895e-01
2.790065836710760583e-01
6.821720824657557802e-01
5.596725237713090495e-01
2.378871244837065468e+00
2.838158562859662282e-01
2.417921295075630805e+00
2.453633752348250319e+00
1.288544549717091092e-01
2.474848786193014405e+00
5.127659124405168356e-01
7.757590427407755340e-02
7.063167453371436977e-02
6.642894116523168080e-02
5.854400496015799149e-01
2.400733886836243780e+00
5.456694218463792323e-01
6.729760146727761239e-01
3.182692002212584859e-01
2.622042763357614326e-01
8.068917215459789349e-02
2.423369900171119529e+00
5.278079831750064344e-01
3.172095740115687401e-01
6.222209727007989993e-02
1.160698398494392214e-01
2.543819351172014187e+00
5.702601687699182520e-01
1.321391609284421897e-01
2.817771124687058482e-01
3.266535249870809038e-02
4.331829400216465342e-01
3.358708220503174302e-01
2.369963254811035647e+00
5.078443704228539080e-01
5.054515565319109838e-01
5.317124344146544335e-01
3.548261143690494279e-01
1.056501779636671717e-01
4.953426223473026413e-01
4.519254639930703754e-01
5.929074438472734521e-01
6.452483709569642456e-02
7.386040372307378643e-02
2.514671428679121856e+00
4.802174851813204026e-01
2.480466177802263861e+00
2.373957386219761378e+00
2.429115138984216937e+00
1.296568331798287482e-02
3.620087998324995615e-01
5.640825318536232258e-01
1.422979370730898668e-02
2.377696506112922048e+00
5.842820864404035808e-01
4.436385165864867308e-02
4.934520737163752835e-01
6.721967261591588194e-02
8.615788920766837000e-02
5.453151589122512410e-01
2.550125238605064348e-01
4.954393441305792734e-01
1.720745107565736509e-01
5.635277769726494690e-02
2.870957732757778991e-01
5.075598470841334864e-01
4.741052521533630770e-01
1.097173974339442498e-01
5.790393693507398520e-01
1.925428703507844896e-01
1.094068997254863812e-01
4.520452395406728829e-01
2.267980414767022390e-01
5.632240679167928032e-01
1.451785448938731904e-02
2.572151184546701330e+00
3.392120844767904098e-01
1.318375610610154069e-01
2.441462681238027344e+00
2.405464655726431644e+00
1.409609887095064074e-01
4.715016815208946110e-01
8.255638818762521536e-02
1.758660484924594036e-01
2.425826318393822678e+00
2.508510348374104915e+00
5.169257567571935441e-01
1.488469609532887998e-03
5.191565588125716113e-01
6.151494578707574629e-02
5.266298196394139097e-01
2.393064998852306946e+00
4.475217627692862354e-01
2.876086966691537850e-01
3.149031539123258172e-01
1.958872255444988816e-02
2.409731808493614569e+00
4.642886936670538311e-01
2.470071284724191241e+00
2.393346647849222908e+00
2.466162817507716820e+00
5.678996851587564398e-01
2.549418696669731865e-01
2.460190092107290560e+00
9.993005594990861384e-03
9.884786070028592220e-02
3.305585532902580725e-01
