1.352585812679413801e-01
5.817714690537736238e-02
2.408008467666835628e-01
3.797874414281707800e-01
2.941675602447513804e-01
1.295036103495763813e+00
1.539688725316106233e-01
1.151437108294123046e+00
2.660307985827045085e-01
4.122876633942956781e-01
2.649236073079299647e-01
2.678203575062080288e-01
7.385405457361468584e-02
1.150815773964683153e+00
2.365662219053433213e-01
3.722676264687271308e-01
1.248650403655026553e+00
4.038900216676996613e-02
1.276916449464260972e-01
1.254939305784489090e+00
6.533823359743104464e-02
4.034660222404922725e-01
2.328056394138059704e-01
1.532260219801996337e-01
1.165039268507295889e+00
2.351462324269089077e-01
4.015664816827321237e-01
1.184375165326832624e+00
1.050060571577481339e-01
3.005137429781190583e-01
4.469107612388501516e-01
3.453075234127291337e-01
8.766196889158849384e-03
9.453793481850285285e-02
1.387170340975603933e-01
1.284405764611924461e+00
2.578995748249094874e-02
4.230914877589525003e-01
1.999846556439157166e-02
2.416222466396303059e-01
1.688726535535711448e-01
1.157153220332171717e+00
3.716545392516734658e-01
3.862228601308754228e-01
3.054954584121707950e-01
2.072223304010756273e-02
2.850914509754101100e-01
7.496752934617091635e-02
3.759821467540649942e-01
2.374396032353216501e-01
1.127807546621014234e+00
2.038850187917295442e-01
1.487444704511475813e-01
4.121366420113765638e-01
1.231511350488941448e+00
1.150202476746410518e+00
2.440236895875290690e-01
1.296935183941870351e+00
4.044333702886882542e-01
1.126730686243216484e+00
1.308549439438556172e+00
3.427632627353507933e-01
1.157722400400672980e+00
1.298539357199338107e-01
3.092011473366284013e-01
4.228762115267727106e-02
6.921775787780770628e-02
1.009161861244256726e-02
1.285637519899883285e+00
1.218004022474959092e+00
1.295382401561882890e+00
2.941378203811785830e-01
1.571405311914111369e-01
3.231827034040936075e-01
3.337099574076468067e-01
1.620020024593190888e-01
1.230875148512171613e+00
2.654474780817540625e-01
1.132527687461516441e+00
3.782540663313304075e-01
2.681811804553522194e-01
2.664735836064574537e-01
1.805977793417043453e-01
4.301104270323948819e-01
3.892547008538398412e-01
1.923967596872266372e-01
1.372124165846158039e-01
1.133442236305481354e-01
3.040593757691688048e-01
2.373193734462452353e-01
1.801279870553510465e-01
2.704043276298171428e-01
3.600837213371843593e-01
1.288778748221354409e+00
2.310408945546847392e-01
1.482789489258385662e-01
4.280905886018253059e-01
8.371037868078887167e-02
4.871555559594025614e-02
1.244250461950745512e+00
3.032276220196687966e-01
1.123770314427289252e+00
1.040167737556461913e-01
2.085117368281320591e-02
3.608767126939236292e-01
5.640813584595739949e-02
2.725411569242028875e-01
5.692834166017654574e-02
3.453909564186456449e-01
3.899899625686078508e-01
4.064223734973916868e-01
1.651907377576689873e-01
1.775674701337471850e-01
1.536120275114404854e-01
1.298112568290151536e+00
1.151320122694895032e+00
1.907819212897338412e-01
5.439848574291236694e-02
4.487822441366342563e-01
4.360643698241927768e-01
2.756325973380974736e-01
7.705555149026825645e-02
3.254665927605716880e-02
2.108589116762161486e-01
5.457158459943779044e-02
7.880002908063205025e-02
4.234848759609277646e-01
1.143632501304680638e+00
5.923636903730992304e-02
2.733530475722877329e-01
3.500094093456918021e-01
2.951598222784081460e-01
4.037870976895986952e-01
2.652394467840409331e-01
2.695047774368143911e-01
3.464389857222202607e-01
1.246750601230925737e+00
5.405479932421271283e-02
3.795519505311635844e-01
1.271653386244472328e+00
4.035707675901967217e-01
5.327163976887877572e-02
3.348127059883127532e-01
2.995137237107263761e-01
1.893346327353382375e-01
1.273169920543623546e+00
9.802686943400851227e-02
4.176294346000841359e-03
2.720892324691114861e-01
1.215400840897795876e+00
2.899778566567659532e-01
1.157971471318165246e+00
3.892146563867834308e-01
6.464063824231300326e-02
4.100384690245897357e-01
3.823175475111199595e-01
2.999980136563790839e-02
3.001924254211224552e-01
1.161442133311387570e+00
1.131078118552898193e+00
1.491534254424846107e-01
4.027654452392217532e-01
4.071746790680135231e-01
6.313076915711928958e-03
1.224701331599046122e-01
1.452025984083304411e-01
2.953667191805404157e-01
1.294934456806274170e+00
2.960182361705074872e-01
1.244173006074541732e+00
2.942885257363450080e-01
6.999037009529149311e-02
1.124939084003346190e+00
1.140102396308078081e-01
3.937563093271658210e-01
7.443050806278464493e-02
1.144807987640026781e+00
3.745004745156705894e-01
4.371066153570732360e-01
1.231897399979512198e+00
2.247997474585332334e-01
1.246168376362762453e+00
2.557558665331374215e-01
8.408179328020087828e-02
1.666602077172595342e-01
4.157079468697326766e-03
1.216026252994281132e+00
2.333610397292664729e-01
3.719429871058339554e-01
5.779498759868607199e-02
1.128509782172202547e+00
2.768794970769957731e-01
3.882183764590520919e-02
1.128193421977830901e+00
1.133261729686630748e+00
1.284567524798649052e-01
3.132498003416658849e-01
2.600571242347426981e-01
3.401435970277275761e-02
3.814084882407259847e-01
2.888570043845882229e-01
1.651093933434581995e-01
2.308624324332884253e-02
1.387877748571611780e-01
1.129409179279420083e+00
2.719024540897405640e-01
1.513149769705331160e-01
3.937123513661599378e-02
2.878286995829512640e-01
1.757596516500414263e-01
1.462019729078504471e-01
3.033906766630888319e-01
1.667007505164356529e-01
5.276085924447119352e-03
2.516187097749185142e-01
1.131195556382279532e+00
2.971490824723485580e-01
1.156854847019395338e+00
3.704400218478534068e-01
2.610557988593509293e-01
2.344079007694894745e-01
2.674138179530415327e-01
1.223520104241245132e+00
1.563048465871625936e-01
3.384495365680492696e-01
3.776119974417868619e-01
2.047375769741331397e-01
1.231251093203945102e+00
1.205206154586083850e-01
3.300226119266944647e-01
3.041669118183762399e-01
1.274916498372921647e-01
3.057217357395243251e-01
2.235866507613111162e-02
1.271106288384514504e-01
1.161887124387473547e+00
3.638983399649919348e-01
7.701054328474551958e-02
3.645090593243752175e-01
3.509492938106844040e-01
6.760408645936362426e-02
5.733539346916956270e-02
1.239740722155122876e+00
2.082382297813588634e-01
3.000863697012774445e-01
1.153211299348902763e+00
3.823565074111008322e-01
1.269838670591053598e+00
3.941041052836843916e-01
4.277084597486494610e-01
3.478699453664961805e-01
1.834659591126852340e-01
1.156006074503951542e+00
1.217823149421313422e+00
3.369838231931024941e-01
9.207071844913766734e-02
2.022851447503093425e-01
1.305778478795200703e+00
4.241286233879061618e-02
1.194787369910651487e+00
2.659679304547727385e-01
3.421957234513396950e-01
1.210595287463579917e+00
2.761686724147754401e-01
2.383776481613863185e-01
2.812539871360998922e-01
1.863712913420119688e-01
8.239842097231022539e-03
3.447249408073199683e-02
2.806946326340728493e-01
2.527407555526731686e-01
1.593396314198681496e-01
5.848018849219776411e-02
1.163314913113140392e-01
2.328632590423708182e-01
2.090275753036122397e-01
2.531868528199112678e-01
3.922904804094325404e-01
3.281560962454509456e-01
8.183281495891388257e-02
1.248661267114779649e+00
1.225874370372956879e+00
8.195711883119023711e-02
3.850664490198703604e-01
1.428766453754276855e-01
1.135938122415103724e+00
2.684099085582769550e-01
5.404517763070340597e-02
1.154438631000219262e+00
1.277765837784052616e+00
2.567867373388273422e-01
1.450157852035994788e-01
3.894050526260132705e-01
2.992451596237646338e-01
3.930153816967454916e-01
3.802341253968198886e-01
4.183169414448463519e-02
1.189994522971422608e-01
7.746679521253273248e-02
8.368714042698797984e-02
1.250745065189163396e+00
2.683501549894282134e-01
8.218717457012154632e-04
1.255521613055603281e+00
3.497725633593604805e-02
2.096249143181298791e-01
1.309563150687827360e+00
3.464900928023533222e-01
2.442401636678835364e-01
1.026569078023868709e-01
2.440112767095469620e-02
1.019403664935654708e-01
1.292062943990547774e+00
8.084372082117492753e-02
7.785093295347458864e-02
2.801831713056186085e-02
1.166149708498792403e+00
5.644967443623922186e-03
1.279991880118779068e+00
4.490360332360293083e-01
3.891097224791569831e-01
1.246164724729698747e+00
1.508198645250879710e-01
1.252077658082294764e+00
1.284140506611347154e+00
2.740049157954048686e-01
2.385998725639164042e-01
1.613739904616612320e-01
5.594281129711051181e-02
5.667236745318461610e-02
4.100244062347459528e-01
3.762335747842537881e-01
2.906680597458683457e-01
3.662674753383561299e-01
1.151421046454762731e+00
5.906377053175989635e-03
3.645326444879888328e-01
2.729133522569001657e-01
2.952736698262648507e-01
1.127193939704838943e+00
2.873518391583237408e-01
3.618172257960895477e-01
4.192757490245073715e-01
2.671878762636283877e-01
1.160894646083091342e+00
1.256999893740039731e+00
2.858572566994879716e-01
1.277571328027709230e+00
7.756623938099144189e-02
1.403629778894043278e-01
2.709648658967795387e-01
1.246573476027435623e+00
3.920423040136002402e-01
2.687704834392393161e-01
1.227327191837045861e+00
2.991023665647084273e-02
5.304857876002894157e-02
5.126755161484621015e-02
1.498997032840826693e-01
2.745186076132614117e-01
1.262065784533324297e+00
3.862684504955836706e-01
1.139383665962391934e+00
2.375873387422855199e-01
2.774756244750976042e-01
3.955193336441186203e-01
1.234718585249819700e+00
2.370396580091329863e-01
1.459802658643015727e-01
2.374377343831166054e-02
1.250308447057594696e+00
1.169050374311586094e+00
2.358338763805346849e-01
1.224519276352940694e-01
3.943205580764669871e-01
2.368362358520104405e-01
2.488181457232797600e-01
1.535928041863664217e-02
1.232859690185760915e+00
1.232476338360832369e+00
2.101818209403775173e-01
1.485112721042633199e-01
1.762442118490282761e-01
1.216639312003923834e+00
2.331350070556152398e-01
3.027841501411088210e-01
3.001151795553824372e-02
4.262919625155475734e-01
2.763052277057104766e-01
1.297449499423575681e+00
2.765141191099009799e-01
9.518774706126804930e-02
1.155228097423247391e+00
5.578127327470934482e-02
5.761078789457232258e-02
2.211613160662599109e-01
3.438222867680459927e-01
8.420763419865617827e-02
2.730209000764988736e-01
1.016108017154998371e-02
7.942266643235593171e-02
5.104216717485075133e-02
2.455617647981498397e-01
2.259665670757061429e-01
2.547877879645334964e-01
2.723116504171236851e-01
7.496803326417128543e-02
1.170753482877767038e+00
7.568536865509475908e-02
9.167580712117832931e-02
3.255628182861313169e-01
1.366896102117000633e-01
2.606656089114288144e-01
1.543658347336578918e-01
1.309317175915686748e+00
3.471911359414948106e-01
2.634468934051332201e-01
3.002972647774917458e-01
9.598018406921097340e-03
2.369742680379675059e-01
3.113518575179332129e-02
1.134847435748159050e+00
3.436194782130229386e-02
2.630307649843564022e-01
1.446432876508315923e-01
3.141832213333577428e-01
1.149736150871577961e-01
4.095364039771114406e-01
2.244476929055469749e-01
1.201200779196947899e+00
2.627074511550372971e-01
2.257214560794901514e-01
1.620170894037250009e-01
1.532007794702699988e-01
1.816503993510197867e-01
3.883810238016452421e-02
1.286353583748585327e+00
3.690936813669542516e-01
1.129969547351071135e+00
1.594835345962981044e-01
3.729032814272619234e-01
1.141842982436112930e+00
1.654900027603420365e-01
2.540720756030699981e-02
4.539534267257489680e-02
9.510681789028846422e-02
1.225272182243253072e+00
1.247261944290852936e-01
1.190823687645900852e+00
1.147036650350683029e+00
2.851297177413596451e-01
1.228492667715782583e+00
1.023389980995144943e-01
9.403911762263982010e-02
2.835902756776458311e-01
9.981873735842373974e-02
1.844039580524817201e-01
1.420222459677542570e-01
1.220951554327634136e+00
1.196935132850488692e+00
3.705347651032491196e-01
3.979326002073154123e-01
2.980145361890136901e-01
3.888984969073890907e-01
1.279326007055749503e+00
1.375127675930804538e-01
2.944382531896448940e-01
2.653538117539079311e-01
3.401094537228910863e-01
2.246801103436090463e-01
1.236182055908819466e+00
1.148948028655503384e+00
2.621696788517270393e-01
2.551287728257908283e-01
1.165970820643474903e+00
3.783267530603818141e-03
1.053771989421007638e-01
1.230932709006732351e+00
9.635532259074321149e-02
1.393269569066711844e-01
1.150201476467554551e+00
1.729332028771499996e-01
1.295671604890488382e+00
3.056052820780403856e-01
1.721051944668825495e-01
4.039703137713157033e-01
1.131393669644190192e+00
4.569522307599192118e-03
1.215376597141230253e+00
3.181906556992438739e-01
9.753479219792576815e-02
2.097939750364335443e-01
4.638341073619512561e-02
3.729574740679689748e-01
2.815409406754162402e-01
3.312902427908423920e-03
1.140900349137988101e+00
2.753711826880800295e-01
1.842975260190607978e-01
3.973869794071560602e-01
5.506073186549973603e-02
1.464887584344424787e-01
2.658383345919988483e-01
2.607449899330633314e-01
7.689129469014213680e-02
3.836296381424800783e-01
1.468221168559146195e-01
3.473988067177339115e-03
1.609651396538152035e-01
1.017190404648771751e-01
1.123927670902354681e+00
2.840181010348609147e-01
8.814749771287747060e-02
1.158434897878661385e+00
4.985871188805172244e-02
3.984114657018041350e-01
1.271583675521258394e-01
9.663873295587947776e-02
4.294345440415223147e-01
3.397719421798247597e-01
2.663467313062709563e-01
2.658812790549336391e-01
1.291936430372633837e-01
4.548374735474383646e-02
2.521075180662727400e-01
2.660135792070241201e-01
3.611171822293554046e-01
2.613878112350234706e-02
3.119112053741902035e-01
5.588453126272650145e-02
3.202001080287505408e-01
3.640735534747076563e-01
2.936588701916877375e-01
2.740038522943119559e-01
1.170462005370522363e+00
4.031959339789890073e-01
3.007861527288218650e-01
2.695968729045195023e-01
1.788732817500879313e-01
4.033722868086901669e-02
2.973324064031161451e-01
9.043660902566592885e-02
1.129356732274954478e+00
1.279802675575622661e+00
2.520930393539974612e-01
5.461512791670235407e-03
3.852008355569849218e-01
3.340662339285712656e-01
2.355694534062505174e-01
4.115884987635181624e-01
1.893553160262334278e-01
1.123992734223788981e+00
3.139191248756163094e-02
3.767432545297055291e-01
2.740193061069014502e-01
1.141011358081394755e+00
1.734897316676684564e-01
2.988082340447684726e-01
2.689957583044383926e-01
4.361473144516207073e-02
5.707895271327848019e-02
1.760279870815736891e-01
3.957708876270403242e-01
1.124137853202888948e-01
1.301803416252768075e+00
1.518166932649017975e-01
2.357205952420721728e-01
3.300794107406070932e-01
4.351066148616696827e-01
1.097489309125772722e-01
3.559220603224044210e-01
3.888377958882560659e-01
7.773118503683414116e-02
1.231987529694060779e+00
1.159435560730829318e+00
2.869024230179738066e-01
4.094862480386186054e-01
1.402275399073470985e-01
3.289943340127219340e-01
9.799444159319964376e-02
2.128053739134778966e-01
1.778679507297781237e-01
1.945418847436221621e-01
1.909453701683143934e-01
3.275456832426854037e-01
1.128141209131670708e+00
1.303138873872821568e+00
1.242703234628339759e+00
2.860195785309092575e-01
1.219978540325862504e+00
5.798134634031184426e-02
1.645020588526477368e-01
1.164482499809242622e-01
3.718819178058715286e-02
4.282209750352365396e-01
1.046514229406532159e-01
1.357886658726855378e-01
4.708536364337632951e-02
1.127951622630321671e+00
1.252452330235516609e+00
1.295894879371450870e+00
1.184170390151172203e+00
1.233249195122890329e+00
1.121257020907469870e-01
4.454876412496623639e-02
3.821853917445213744e-01
3.819272017879554726e-01
3.805316589837449137e-01
2.718862630780150003e-01
2.667484787018634118e-01
4.004845258328016411e-01
3.109838218640711971e-01
1.230648224364894849e+00
2.402712165625833229e-01
2.962443708385870123e-01
2.738129004587086524e-01
3.936078513357322839e-01
2.677473626375111992e-01
2.715974920300097128e-01
9.007717426446582021e-02
2.790001849842926873e-01
1.063363120672937007e-01
1.221486586835619059e+00
3.342804060714326675e-01
5.826069193642940958e-02
1.174774307337813406e+00
1.948724351641829833e-02
7.973588523063994404e-02
2.745145004025069668e-01
2.726661554854600822e-01
1.012550524130529789e-01
4.234150196503953800e-02
3.559487010834406218e-01
3.753654940457569200e-01
5.523386599112276724e-02
8.810413670847125345e-02
3.746651225304051813e-01
3.639322663761832000e-01
1.140819022393152693e+00
1.129060858309931081e+00
1.122203707202479583e-01
2.650437489015430303e-01
2.883877017718113889e-01
4.073504166116414527e-01
3.342259521341598427e-01
3.075399301991011969e-01
1.518071298178825246e-01
1.271787380931787892e+00
2.324211885449417869e-01
1.040768332651325345e-01
1.287290614957401269e+00
3.769916450680947384e-01
2.677892744383501555e-01
1.142880233296925008e+00
6.410663049410288139e-02
7.416898370562155507e-02
4.114979205695936115e-01
3.167833174178363853e-01
2.684366291948648842e-01
1.160882085215276360e+00
6.512367380504606451e-02
1.852472862029872491e-01
3.417322813868042264e-01
1.154398850850785196e+00
2.491303405109286107e-01
1.924056362121575291e-03
9.375519884195343545e-02
1.152336072057760230e+00
3.060945822011495454e-01
2.394654400761704049e-01
2.222850515610719502e-01
1.253175726311615661e-02
1.158657466412109205e+00
1.209405467651826660e+00
1.311359765681491263e+00
7.955248476479284681e-02
1.127233810758667909e+00
1.934959945711059726e-01
6.229370011409969543e-02
1.727304302515319800e-01
3.034528108894590792e-01
8.408728882856304765e-02
3.729389792146480809e-01
1.450597815892078202e-01
6.607126186546928570e-03
3.605018787506198974e-01
2.946413327068424515e-01
2.989676967565638166e-01
3.808885242419822181e-01
3.994375246234860982e-02
2.560455722805949907e-01
1.714200202893891301e-01
2.459533842704690332e-01
3.790944850196686922e-01
1.098413507720626472e-02
3.360693618057009058e-01
9.183250879402135580e-02
3.819513768166736545e-02
1.429454569586129931e-01
1.211925302302145901e+00
1.178626199440009209e-01
2.719286452879884353e-01
1.128420138855736665e+00
1.275008470260251769e+00
2.442432732756773597e-02
1.583207471117200060e-01
2.313531039023776492e-01
2.965563247224002330e-01
1.368166500739747826e-01
8.152354312036420858e-02
3.115183628576561059e-01
2.664659097075001148e-01
1.793205903801637080e-01
1.155265853087978245e+00
1.258984055930922608e-01
3.642831952743054158e-01
1.674437475740354619e-01
9.612340491722666524e-02
4.344834256807688089e-01
2.014210961554845358e-01
1.207904416933920644e-01
4.002938685504206506e-01
4.191657488426487332e-01
4.334697616604235582e-01
1.216046578712701054e+00
2.593122884505805748e-01
1.573353326758979154e-01
4.842493025484007931e-03
2.575481122093555286e-01
9.660748547579431356e-02
1.183310280876099574e+00
8.635969198443037287e-02
4.276536791852826314e-01
1.876936749164330454e-03
8.794300804891988510e-02
1.739801957242873010e-02
2.003747870488629401e-01
9.435344980927345970e-02
2.628067370876811526e-01
2.580633684921266324e-01
8.780858303776213625e-02
2.277339057353300680e-02
2.693381038426478913e-01
6.012495464618019050e-03
1.293879700305888392e+00
1.165942301170787232e+00
3.668533705754212226e-01
1.145182345631866827e+00
1.406828143490588406e-02
2.673414129286421081e-01
2.566691401847252529e-01
2.700660350678740773e-01
1.182225765406503815e+00
2.849455816330078162e-01
8.404677919956285437e-02
2.394339905479228314e-01
2.821730525073284923e-01
1.157806038158374795e+00
3.063138996608479880e-01
2.357169309020951398e-01
3.512857523291629813e-01
1.750755200543858692e-01
1.217648174359881708e+00
1.165312926849606967e+00
3.299202575007695315e-01
1.817918038714315399e-01
2.480297764867853971e-01
1.140357385401778556e+00
1.164499266189449989e+00
7.215662639819404867e-02
4.282256859033321122e-02
2.239379605365117432e-02
2.307840233143926001e-01
1.320651235571145554e-01
2.113107095560278759e-01
1.206075740584907630e+00
9.769718246286376861e-02
2.071276530559708895e-01
1.282719637661530188e+00
1.631985949014021220e-01
3.036901715796681556e-01
3.066387203278700957e-01
2.902967249861946319e-01
2.380747454356187121e-01
3.975295305545806790e-01
1.163151723766922663e+00
1.157156099211112510e+00
1.596773177242534481e-01
4.095927203835692532e-01
1.176186910415644826e+00
1.230094063459178155e+00
1.432612629230152756e-01
2.684148943476316607e-01
1.126719936159237268e+00
3.196632061830990273e-02
2.641063561567786877e-01
9.342661695353254858e-02
4.075830915963251089e-01
8.155868526780327143e-02
4.241501105617864198e-01
2.120376611332454864e-01
1.633313886357689593e-01
2.388965199166186715e-01
5.542740424703070101e-02
1.649021422286193472e-01
2.909147886817110562e-01
3.349538600580668213e-01
2.166630421766590486e-01
3.234800084681520582e-01
1.914569176534935968e-01
3.143858479703897646e-01
8.254503904278875925e-02
2.089417347317215345e-01
3.494505997066386926e-02
2.566921810589511410e-01
5.959766912108678538e-02
2.671751956659568772e-01
1.607932098082674455e-01
2.688396481010154049e-01
4.021885068093195015e-02
1.129424339585850756e+00
1.654575662281400905e-01
4.872920988438388806e-02
1.374902338840432725e-01
1.146672154005903499e+00
1.175269500484198204e+00
1.576273039400006848e-01
4.138708918654190883e-02
1.138445882447053137e+00
3.465167760151067200e-01
2.543544937774004366e-01
2.638873575774536295e-01
1.130598834932130758e+00
3.777445160841566008e-01
1.221498647629490009e+00
2.685601663156638175e-01
2.630927127200556881e-01
8.723617869994565455e-02
1.508931241446190286e-01
2.379492028987446328e-01
2.738063913356547641e-01
1.125578271322629220e+00
1.274373247622198724e+00
3.048477954843719848e-02
2.577548896629040520e-01
3.795424426308089960e-01
1.015860752869662820e-01
3.967990374718516899e-01
1.234115143722902763e+00
3.737258458196135447e-01
1.546622172779497095e-01
2.660467659016639841e-01
1.160762172399473435e+00
3.561246784625469175e-01
2.707226361113204693e-01
1.961119011390272115e-01
1.151730107131178515e+00
7.740592983437604921e-03
1.156487211655969682e+00
9.524342883608791221e-02
2.168448926709344859e-01
1.311241158233757316e-02
1.242559068394581745e+00
1.798788081470809874e-01
1.171576477708278885e+00
1.188900195723281872e+00
5.294060764000732555e-02
3.276331892687343594e-01
1.134875130538383514e+00
1.677310401992347100e-01
4.350721186079693076e-02
1.506578656531737670e-01
6.948256663226698437e-02
2.615776138039430654e-01
1.143276987582770632e+00
3.123929141412620236e-01
1.958824536971139063e-01
1.836438957557387508e-01
1.155942619350813771e+00
1.819563648272380929e-01
2.545115525540845858e-01
3.201165200411342782e-01
2.179751838752682080e-01
1.459238931330946731e-01
6.600407462825441662e-02
2.483828757926903052e-01
4.698683735831313962e-02
9.234746966430835979e-02
4.080820834758995264e-01
1.454528498514682730e-03
2.683021928887523444e-01
2.722987197749965338e-01
3.962933211472857153e-01
1.128841371718175557e+00
3.653887556121219182e-01
2.112992586443442067e-01
7.944734566066817549e-02
3.215246786177535787e-01
1.707099305001160416e-01
2.401548401395066923e-01
3.169007210624721349e-01
2.754584295843377495e-01
2.661857984354643047e-01
6.338974165057043031e-02
1.312892708544642073e-01
3.379675990001654307e-02
3.463017084357870035e-01
1.162078251598302359e+00
6.997550424632949240e-02
1.701652488250297163e-02
1.629795841430169978e-01
2.343443086153298160e-01
6.025366556244784316e-02
8.429732429284864104e-02
2.752082129776411423e-01
1.705394803877693932e-01
1.226663280427793545e-01
6.685873020268863140e-03
8.590443402771374970e-02
3.696945720931561485e-01
3.872164263955162888e-01
1.237836687207964359e-01
2.716383050722180337e-01
1.164470436331483116e-01
2.716070683105165084e-01
3.212593557402650402e-01
1.930248701267211764e-01
1.331901729308120758e-02
1.321973315646426950e-01
3.030366241225487256e-01
1.164292981632525231e-01
3.415100093170044260e-01
1.172033813618176934e+00
3.043926882676264989e-01
9.865081692680760517e-02
8.699753590292182148e-02
1.217325780479899811e+00
1.814234567712690316e-01
1.273929195497813804e+00
1.694911530347584239e-01
1.305795225441243046e+00
2.735305477955693454e-01
4.524408042353466469e-02
1.211097810168426242e-01
1.197991477793075799e+00
3.551909813037622959e-02
2.783307645790222273e-01
1.272940141361892652e-01
2.334375411121259181e-01
1.432520644571895763e-01
3.644755523258854518e-02
2.674958239390490267e-01
3.513589940054589328e-02
3.024401438456176261e-01
9.210831015946256695e-02
2.607614973670054903e-01
2.462984915007035425e-01
1.321209397200825419e+00
3.526156271009774912e-01
1.142243103760771872e+00
3.377747643625021445e-01
1.777859681110649237e-01
2.469550978097674598e-01
1.244472037826062971e+00
4.250693072851023380e-01
3.482414871363935793e-01
5.600751352647419246e-02
1.611135485406977319e-01
1.781954300631949650e-01
1.227541287966712913e+00
4.403438191200630403e-01
1.257476663387099958e+00
2.226711127250214084e-01
2.960841171838582975e-01
2.065286699339643484e-01
2.610165375278685751e-01
1.448603033481553337e-01
2.573129674094026265e-01
8.739484041440237494e-02
1.020348165778888760e-01
1.168370036781935406e+00
2.665846753099421207e-01
3.719369895218982980e-01
1.129779523939854036e+00
2.506004415901285504e-02
1.235133383867200285e+00
8.553847825732548149e-02
1.434496334768987635e-01
6.102193061934609725e-02
2.562724929283263231e-01
3.291434517850881925e-01
2.573815422079677728e-01
1.152437028063705737e+00
2.842983014473677850e-01
2.669829420405473441e-01
1.302575761725346115e-01
3.341634177219221513e-01
2.747419775094600003e-01
1.157748492709073762e+00
2.622242660239705314e-01
