3.214986105488442658e-01
1.376891530777678008e-01
3.613983569161545173e-01
3.704379007196144657e-01
2.886218497948264128e-01
2.585583809168340297e-01
2.531057963290107571e-01
3.561175266188059685e-01
2.232266483116542577e-01
2.818417791661962934e-01
2.297032380314443512e-01
4.333691922732276769e-01
3.758555858692679830e-01
4.392938304119597404e-01
4.076811549937064960e-02
3.204111591629320022e-01
1.044794503419955722e-01
1.595026179995954682e-02
3.229518490603013881e-01
2.289693820196635754e-01
3.547339194995384748e-01
3.743823183973278290e-01
2.007391996620459806e-01
1.962657952913885451e-01
7.687291218022200556e-02
2.797392394843253305e-01
2.590774931160822470e-01
2.843858794373460563e-01
3.744722391026014119e-01
2.832007648361626329e-01
2.591637045330774658e-01
2.467336178078973763e-01
2.688523097591431488e-01
2.467706959143944334e-01
8.075668734792430803e-02
1.278017723736520062e-01
2.872064137445243803e-01
2.308042128221789446e-01
1.528762664465006804e-01
1.353578428392283595e-01
3.884954373154030915e-01
3.117532830588773951e-01
3.655311992425976930e-01
3.265555221144087472e-01
2.296823921434669735e-01
3.651958308500743988e-01
3.157954343944807118e-01
5.265905847734976553e-02
2.314999030937158753e-01
4.166368420125053929e-01
1.792142843926484153e-01
2.981639785695376910e-01
1.873304195654428295e-01
3.098848794414761354e-01
1.907231832895643076e-01
2.628687025764146479e-01
2.474633674463413424e-01
2.229668012874472249e-01
2.273087415362995689e-01
3.630208492702691747e-01
1.051664019902923408e-01
1.649077345507105885e-01
2.731089888567653778e-01
2.244150048522042251e-01
2.155682595401202661e-01
3.325261439336541502e-01
1.374909265534035308e-01
2.915584689728516476e-01
2.022183678516126792e-01
3.450055046094114841e-01
2.590991000863037130e-01
2.048091692076618175e-01
1.592795566354823777e-01
2.425303604357727516e-01
2.405278478910640449e-01
3.148491626878244243e-01
2.689861778233544332e-01
1.253428503310891340e-01
4.467581968288877325e-01
3.303805320058871842e-01
1.345284167326638580e-01
3.324142343903959129e-01
2.536068883762653270e-01
3.057735678754838204e-01
8.396600903925705017e-02
2.622610732564150116e-01
3.096044823680027536e-02
1.204893349469215863e-01
2.014744635617294888e-01
1.689685124978657638e-01
3.383476192506063573e-01
3.949872887295645674e-01
2.316432060318877051e-01
2.547443528634060206e-01
3.659122855486499071e-01
2.963874085395750146e-01
1.460661166949280276e-01
2.672511168653808333e-01
1.895250583167905900e-01
2.155831791069791892e-01
1.889411016917323938e-01
1.033676264040366555e-01
9.723189940676060794e-02
2.075939558085897474e-01
2.361869405470121697e-01
2.527881697313617004e-01
1.507284166567845196e-01
1.579072210285862032e-01
1.385764285144616137e-01
1.262254111551884550e-01
8.378270120178858693e-02
3.065887183102246616e-01
6.443387627396178485e-02
2.094275777379308590e-01
2.232109905091915480e-01
3.731500352554668609e-01
3.381916341807415516e-01
1.850620902968093395e-01
2.212151031737243922e-01
7.437256801222318081e-02
2.741242503422602894e-01
2.331449436085747673e-01
2.593317511466998182e-01
1.933838624903070624e-01
3.308601710082059721e-01
2.150030901217724333e-01
2.805742704614841432e-01
2.188740633396641655e-01
2.287784221474215562e-01
2.478014910906205515e-01
2.090575652962707032e-01
2.120937711422267447e-01
2.070707367170861735e-01
2.833931088243559215e-01
1.333055837699915758e-01
2.144340773483341123e-01
2.684685591050441911e-01
1.348631129757551228e-01
2.192168139887179512e-01
1.840997209464056428e-01
3.434434361145522474e-01
1.056663369722782297e-01
2.299105037605374546e-01
2.783971786165499451e-01
3.618477179256123222e-01
3.089690713707557435e-01
3.205741908741450708e-01
2.782408037057487182e-01
2.613993777422190523e-01
2.082343415377244933e-01
3.653959783282877960e-01
1.192416416261104645e-01
2.711460768966499346e-01
2.526291809852197479e-01
2.733911436975784426e-01
2.088352094388357949e-01
1.626459129349334676e-01
2.560115422976177446e-01
4.054337819995371683e-01
2.474217842293276737e-01
2.746410612506101079e-01
1.949439485647113113e-01
2.114671959342765972e-01
2.738926805970456346e-01
2.843651401261979017e-01
2.368914437508164439e-01
1.809888916946715276e-01
3.332084931648665593e-02
3.488134560908095344e-02
2.966651381304863389e-01
3.518104353932691719e-01
3.253765042087246040e-01
2.111505127670615933e-01
2.970802209744251576e-01
2.856556370270318945e-01
3.628456280164386039e-01
1.387882244702552670e-01
2.511700219714223525e-01
3.702655918499961341e-01
1.070403476555276956e-01
1.263133100201027093e-01
3.271267477990594252e-01
1.961012377940632989e-01
1.741164019399148999e-01
3.296195917729071168e-01
3.161417258505618832e-01
9.604539665219431754e-02
2.929105275316572499e-01
1.725201753536944604e-01
2.905774200402092000e-01
2.085010819677665661e-01
2.368605372742686177e-01
2.371722599490413141e-01
8.172969571400925948e-02
2.824400073418644186e-01
2.689283308992619359e-01
2.937283798633593679e-01
3.399114974377797083e-01
2.591983253849571289e-01
6.763055796448386170e-02
2.829461701874185775e-01
1.158072576573528079e-01
2.730461178673988520e-01
1.121034814628819043e-01
2.771277583767762231e-01
2.578991160026392615e-01
1.871262525198321702e-01
1.329551598165063797e-01
3.536180200603135648e-01
2.897740734048671607e-01
3.513522916346019098e-01
1.977612431354396350e-01
2.524123751251584613e-01
7.702197125296394997e-02
2.235226289345164929e-01
1.964224332404294338e-01
2.529584585050763668e-01
1.920201527844259404e-01
2.989381142557646087e-01
3.783419967170157383e-01
3.163080771992546891e-01
2.692539090199397855e-01
2.105164792570312082e-01
1.333655323091983980e-01
1.610553033630875708e-01
2.695475417561736808e-01
6.643264692860854914e-02
4.160234126452943548e-01
2.476657111895192998e-01
3.231578441319255535e-01
2.251010922266084291e-01
2.274890352382787639e-01
2.316822309563441595e-01
2.368787990788458753e-01
1.557669861127836675e-01
2.505698694974046181e-01
2.655149007474889578e-01
2.144671198383513722e-01
3.529648588690788569e-01
2.429258874373664279e-01
2.682829682014892247e-01
2.082731677523073088e-01
1.987045023256416854e-01
3.208181993213490846e-01
2.965031236771549228e-01
2.366851188644159554e-01
3.245783184077998262e-01
3.873277304530634568e-01
3.177969587615217528e-01
2.824038817976262661e-01
3.498055444126251246e-01
1.680128215930562219e-01
3.543074879681543110e-01
2.169004336953573586e-01
2.389808832782295833e-01
2.908540154081162843e-01
2.737046133431257355e-01
2.335505264122456626e-01
3.859622202541778124e-01
1.544511543234990958e-01
2.132791887996046132e-01
2.280064242278084241e-01
3.756700422058962818e-01
1.989297550549518068e-01
1.508077416943243501e-02
9.758513071425910235e-02
3.025739116859259559e-01
2.622496315225800179e-01
1.308538355349374016e-01
3.534699523447086267e-01
2.932924802323041424e-01
1.014397994823514337e-01
2.442262778841506610e-01
1.983257861857112836e-01
3.757096270457710441e-01
2.832302214438556787e-01
4.272041070839549537e-01
2.562623410241719468e-01
1.718222356766466175e-01
3.555406048313857759e-01
1.071828511832854519e-01
3.649292672688692618e-01
3.682279663487673105e-01
3.484480058296520744e-01
3.701784701790996057e-01
3.257546490206247869e-01
3.193566366652816901e-01
2.052698481354120474e-01
3.217658967993048957e-01
3.325281877394806740e-01
3.504381826611995265e-01
3.479238115721928204e-01
2.736830436939379774e-01
9.346716657025228026e-02
1.815673332028211462e-01
3.062757789060140401e-01
2.560867212042383101e-01
1.877167357101722500e-01
1.698233278279510372e-01
1.759542332255189800e-01
1.863547591099234957e-01
3.615174116716615149e-01
2.071406486513700240e-01
2.719528920131912830e-01
1.945814011442220659e-01
2.120325332071650304e-01
2.986087441630288497e-01
3.565931871578893464e-01
3.366277199717799817e-01
3.657887773178437052e-01
3.213535649954155637e-01
2.655367043495760471e-01
1.601480495828236095e-01
1.770422858258431098e-01
1.919565377910120718e-01
2.587209580699628142e-01
1.092964870758080381e-01
7.509615868892421942e-02
3.688191979457103309e-01
1.995931144267560908e-01
2.917003330613258116e-01
1.736249069668249767e-01
2.809359904959473075e-01
3.163551954110996878e-01
3.056609981658425790e-01
3.156012879771786794e-01
2.655676599870060439e-01
1.438813471107364406e-01
3.700006647079613353e-01
3.498720174139255401e-01
1.574179557863231160e-01
1.373858525839381506e-01
3.473934996797702346e-01
2.151137188841849013e-01
1.794043150297900402e-01
1.772151631496190483e-01
3.910909840095104784e-01
7.742420967618698913e-02
2.232109586950243585e-01
2.170644259373357976e-01
4.374567416158080535e-01
2.402843281417312293e-01
2.003838283904746664e-01
3.885618670599199076e-01
3.211627110582437328e-01
1.915868170246577962e-01
2.537925930042493894e-01
1.980409837815657048e-01
1.439439160941513030e-01
1.544763865612250320e-01
1.824541072790548668e-01
4.079807732342907167e-01
1.746376202238273945e-01
2.520973873243586572e-01
3.704815511824349206e-01
2.615178465048207945e-01
3.041983883477723527e-01
3.247300858466908857e-01
3.674219168333732743e-01
1.778357672606937778e-01
2.073147843177727823e-01
2.897745301213927593e-01
3.422979748060219207e-01
2.006344922334002412e-01
2.210418462995736577e-01
2.962908414171461779e-01
3.033985070363577896e-01
1.944927552367294310e-01
3.327253688058208758e-01
3.070372580399279294e-01
1.854059337751758352e-01
2.623873507607378253e-01
2.586765225888497666e-01
2.294588440622249148e-01
2.194931975037591465e-01
2.681215598861265703e-01
2.993615823934148157e-01
3.499453045169474974e-01
1.164243822976420012e-01
1.407935609847611458e-01
2.236242784336073819e-01
2.548561799406510731e-01
2.972427064328753699e-01
2.351177311484502763e-01
3.511284588032484999e-01
1.597556074936504478e-01
3.660019863606696067e-01
3.539545448206927736e-01
3.126664361066814335e-01
1.195822340563696823e-01
2.354758017169683582e-01
3.607413207065475746e-01
3.393176901698651271e-01
2.156809512116950878e-01
2.176426719520193620e-01
2.386328182736258130e-01
2.596966565863458309e-01
2.490946099679086367e-01
1.055710068539235380e-01
1.370514358518769016e-01
4.024158685227285925e-01
2.686928327384167092e-01
3.613502749399445935e-01
2.062452246671083733e-01
2.384794715408938837e-01
1.369046480231531915e-01
4.137883150388151354e-01
2.902924192311724383e-01
1.875326094041437353e-01
3.010676702586888021e-01
4.160660601547909176e-01
2.432440438671129024e-01
3.267731051805565778e-01
3.960746255532957005e-01
2.964487225902554535e-01
2.867289814451819407e-01
2.286178297767996193e-01
4.391440444958596978e-01
3.724240797246856638e-01
2.003367143933401651e-01
2.401835887037443718e-01
2.120188254048872567e-01
1.716817269872466245e-01
2.639631060028417853e-01
3.167039230445252707e-01
3.805805804288648897e-01
3.147193339820352764e-01
1.738425469836311354e-01
2.310881939335452107e-01
2.478437434262707462e-01
3.652786976117518014e-01
3.786098260907208579e-01
3.458023067729604771e-01
2.307052375335699734e-01
1.259459542307851121e-01
2.358602542217805575e-01
2.168931090205925005e-01
2.859666060647140240e-01
2.560141290924517476e-01
1.918339417875178365e-01
2.586305982318250485e-01
2.697004808992453095e-01
2.216578276639322997e-01
3.375920458439638505e-01
3.211175239397228709e-01
1.293965356272852862e-01
3.366252735727441880e-01
3.120642413094401602e-01
3.003888420679775087e-02
3.685093833310269518e-01
3.215995461639771236e-01
2.914832954640166895e-01
1.925319370198217417e-01
2.842834372158996592e-01
3.028715979999726526e-01
1.643534623756433277e-01
1.374150913975375199e-01
2.703010140285051488e-01
2.229289480404675616e-01
3.095880918655640190e-01
2.741789472145966799e-01
2.967924853631241922e-01
1.148914030157248828e-01
2.432781215467346714e-01
2.872303537911356508e-01
1.850320468998736534e-01
1.321110910130708638e-01
3.877015622932238337e-01
1.326136621853782893e-01
2.285490080265701052e-01
1.338995878802360928e-01
3.394198318798819503e-01
2.063250694657966788e-01
1.094832885764934621e-01
2.659582688317930765e-01
3.997511110434650572e-01
2.487697995425640352e-01
2.060320373122281057e-01
2.339176430765426695e-01
2.156771156384851840e-01
1.864558731648242040e-01
3.326270890144437109e-01
2.796740124654988335e-01
6.643492518861596197e-02
1.724227200234116353e-01
1.789826991765424702e-01
2.409841344097040094e-01
2.494526397870920897e-01
2.254050388606258504e-01
3.469688803427878332e-01
2.538276644218186440e-01
2.401018303742674664e-01
2.210610907940475656e-01
2.442227951172896150e-01
2.050696133864248483e-01
2.676050540894061025e-01
2.277571941202994610e-01
1.896008177533955452e-01
2.390213673002327122e-01
2.923718881258675628e-01
2.654787955730233961e-01
1.287767661192234514e-01
3.753012947686119594e-01
2.048223434029551315e-01
4.050759810270737060e-01
2.357344344117024704e-01
2.895223829536460181e-01
7.171885506125992571e-02
2.600024450113467833e-01
2.057935892906320730e-02
1.146638491831578066e-01
2.357367604777777237e-01
2.536329332419108851e-01
1.943299999534725542e-01
1.807858969238066438e-01
3.558913700643543399e-01
1.452295583454118744e-01
3.882815590013929952e-01
1.050109780105790286e-01
2.045297495101596752e-01
1.114188343639492818e-01
2.843914545128491400e-01
2.156483247046002139e-01
5.007215961876063659e-01
1.568584198049608192e-01
1.056415592147239013e-01
2.401074544718457549e-01
2.119677445959322892e-01
2.394948186113994848e-01
3.953617471283987217e-01
2.543089800928036159e-01
2.146625186741501212e-01
1.387841282113114749e-01
2.359279560267776854e-01
3.288514906300422647e-01
1.858548176145784492e-01
1.992294155895615870e-01
1.481334989274955272e-01
2.675205614985522451e-01
2.636818342979403429e-01
3.371202120796964463e-01
2.277386653857236820e-01
3.691226432644576505e-01
1.653559614290519841e-01
2.523499984844065347e-01
2.739252168476914440e-01
2.048289925198444883e-01
4.131980885615698651e-01
2.894238755778055783e-01
2.166493653130313612e-01
1.360006399201523497e-01
1.339447019714223863e-01
2.905829091755755544e-01
1.908845412901151728e-01
2.617697029020776278e-01
2.800473938976041355e-01
4.501029155581976471e-01
3.913091432546249027e-01
3.572291135810101159e-01
1.668864804198987584e-01
3.998587208198178117e-02
1.381834423185945293e-01
1.303078567802058718e-01
2.398003541616500200e-01
2.042371443533380071e-01
3.347641420761899300e-01
3.085346828341597458e-01
3.450074733650689840e-01
2.454224872569797378e-01
1.666245762245285866e-01
3.225530764077113588e-01
1.965868535874275569e-01
1.850731390140726851e-01
2.196222655775732779e-01
2.988967081739394294e-01
2.782662096482642067e-01
3.286317361697200234e-01
2.370243964853494811e-01
2.566601677681207283e-01
3.288119275865440949e-01
1.783275873140664769e-01
2.831633469699615935e-01
1.678767669609739499e-01
3.384193432236600740e-01
1.022613306136077038e-01
1.030601872251002415e-01
3.488667770337605112e-01
1.719800887443204140e-01
2.893891434198057055e-01
2.835791710544107724e-01
2.280831039611462829e-01
2.552058213830835087e-01
3.386744534004476614e-01
1.931138068619540071e-01
3.510259579383664397e-01
3.571817636238111549e-01
2.427690846744684217e-01
1.503355627644127335e-01
2.525219916745466420e-01
2.447117567121302462e-01
3.703959564609557997e-01
3.475075355458812632e-01
1.779874327351029795e-01
3.742370994536690643e-01
1.295437165732030993e-01
2.509077948544918280e-01
2.695252864342137511e-01
3.161689327066210531e-01
2.276893332359412603e-01
1.958313978991370607e-01
1.291193524070775589e-01
2.204913553230733181e-01
2.027137549434994412e-01
2.662655614025131179e-01
3.210648344564885348e-01
3.672631689974690250e-01
2.361602097408460332e-01
1.779183746162168733e-01
2.335717780071381033e-01
3.631161426229696509e-01
2.384107587098043823e-01
1.060589145212421369e-01
3.017991644597042278e-01
2.877144140014565310e-01
2.781981747387376469e-01
1.963878723772579660e-01
3.144705676223050195e-01
3.148939507054601128e-01
2.241552605893152306e-01
3.546714491522526269e-02
2.842494403720635665e-01
1.370593981758853053e-01
2.275221408739836471e-01
2.201790017983396297e-01
3.533892367400332524e-01
3.801776764526642594e-01
2.475189475898900981e-01
2.511630693387053581e-01
2.925685546722158192e-01
3.950168864076898378e-01
2.610959320397684413e-01
3.005559627635383535e-01
3.062849838261516577e-01
2.965639469270370809e-01
3.561625217885244776e-01
2.862486491409647060e-01
3.564510474080490599e-01
1.040876546421190957e-01
1.464948392766139418e-01
2.638495546578468742e-01
1.969420648773701488e-01
3.682074368553354682e-01
3.581314851562074075e-01
2.313851372196555067e-01
2.738963795918685218e-01
1.536196932198461707e-01
2.529242794638535408e-01
2.812435494942536196e-01
1.589794309574723841e-01
1.622134022835823863e-01
2.828843115014066378e-01
1.777006737921624779e-01
4.055313633520384320e-01
1.385322574613697399e-01
2.534397045477794208e-01
2.696632647933537297e-01
3.608816628845762375e-01
2.321732435351313018e-01
1.628171439260313880e-01
1.445018744601684890e-01
2.588684688529799272e-01
2.629600176007431678e-01
2.480873995134822430e-01
2.874554995038379746e-01
2.440443804105218994e-01
1.932622190751682734e-01
3.256073000254433580e-01
3.232519708659931656e-01
1.583543699149885797e-01
1.996883725280453326e-01
3.031180596614447276e-01
2.928547312935341762e-01
2.474520429314947811e-01
2.267230877268909262e-01
1.671974283227566915e-01
3.881692746667546046e-01
4.803369393833235024e-01
4.167295471016558284e-01
3.516712720183822749e-01
2.356344580073413408e-01
1.574776331021093267e-01
1.463726854127916921e-01
1.459967544139054163e-01
6.091128543050261523e-02
2.268781823192158043e-01
1.616298778307049822e-01
2.358919671407006813e-01
3.031162291664100672e-01
1.987543762624298105e-01
1.563105817958349020e-01
3.122170018365867938e-01
2.912012648380793989e-01
2.120096959921556612e-01
3.099945196803042813e-01
1.547935897359704327e-01
2.631499473935089428e-01
1.920219637582631922e-01
2.806567175501109013e-01
2.764517130267301614e-01
1.642172594988942635e-01
1.967397315676815417e-01
2.664652308989294838e-01
4.025658841317110159e-01
2.334603119831555607e-01
2.382142501278956548e-01
2.646688708008728685e-01
2.074949829576128724e-01
1.812516999729588130e-01
2.047636146657961231e-01
2.177119099229336274e-01
2.979883664792957187e-01
1.421867977296806806e-01
3.247098214520042214e-01
2.442726321815939239e-01
3.861316540733238378e-01
2.875593613635833434e-01
1.222955961104693068e-01
2.898650843751336970e-01
3.123560028137931655e-01
1.470417742524833260e-01
3.013783286615311363e-01
3.262247829464581250e-01
1.197123738757274319e-01
7.737851156782850348e-02
2.522686060431739152e-01
1.752106173785677734e-01
2.721025473066830402e-01
4.869498107152744198e-02
2.351188615071884702e-01
3.381021827334154684e-01
1.999300331915322415e-01
2.423869558727166362e-01
3.756993412152945244e-02
2.505280929510548815e-01
3.499204621495805023e-01
1.763299762479592636e-01
3.274493039594820187e-01
8.547476828787571590e-02
2.804269667077108341e-01
2.015624327051471765e-01
2.456499109050470087e-01
2.665446665628059542e-01
2.623614066527458766e-01
2.563343253394676502e-01
4.056200702919869894e-01
2.651902072738701599e-01
2.897731944004368621e-01
3.183720294765298164e-01
8.813455298144119709e-02
3.184216359305375721e-01
2.133386130597474950e-01
2.100161377009617802e-01
1.828615410280825526e-01
4.546492238942309583e-01
4.104568002176132158e-01
2.740511927985674889e-01
1.794779527983469958e-01
3.566029636569714167e-01
2.234907239697676851e-01
2.802298910233428364e-01
2.169418877065644180e-01
2.602579119382281148e-01
1.245577960753183472e-01
3.576145494115143819e-01
3.822928788037859849e-01
2.753313232384783094e-01
2.685165938403731856e-01
3.186334018981417104e-01
4.531555033193324644e-01
2.132020275076133287e-01
3.452259241533088274e-01
2.862828194545152805e-01
2.995352528954574600e-01
1.908517172007787033e-01
1.773671896483018096e-01
1.982963845960995786e-01
2.719738674628220387e-01
2.844478099311538166e-01
3.229414924142705035e-01
2.906880145869809584e-01
2.444844636933487247e-01
8.756234531854141523e-02
2.134331205585062730e-01
2.462154056853161632e-01
2.405932680238154764e-01
2.780507751740260991e-01
2.343172041431359764e-01
1.059304829384532798e-01
1.556779512053471093e-01
2.266582500497505148e-01
3.787445001039956849e-01
3.044874091236885461e-01
1.587023918756416407e-01
2.838682561044881258e-01
2.668586053957640591e-01
2.877071262414426789e-01
3.192514463380249357e-01
2.887827359672963112e-01
2.100176155436009329e-01
3.207064047315284494e-01
3.175506485593089789e-01
2.013782618865499752e-01
2.089741953559592358e-01
3.461707253693365738e-01
2.889087239322078726e-02
1.787989323254968455e-01
2.850974238652440040e-01
3.434055831641783518e-01
1.356959430629774699e-01
3.381245930959898560e-01
3.805497480320024772e-01
2.995684629938014654e-01
2.954147426938312226e-01
2.672418782337626086e-01
1.397713675805100364e-01
1.973762577724528511e-01
2.657665035777485585e-01
4.238751193556976604e-01
1.925185986728525367e-01
2.431458087499129561e-01
2.885030451213573821e-01
1.181970476981003826e-01
3.179360217243353270e-01
1.772971423758480103e-01
3.106429166428972266e-01
2.447108347036430487e-01
2.604086409676411584e-01
2.346507149956688909e-01
2.921323877727736162e-01
2.462876895589084514e-01
2.569114278429288079e-01
2.502421158455483963e-01
2.344507017950228922e-01
1.249300437351858889e-01
3.436882554411912483e-01
1.809547432935903200e-01
3.226975160895901862e-01
6.955846602142122526e-02
2.082477958289868925e-01
1.296039209787325786e-01
1.323503713110689706e-01
1.690890200419948794e-02
3.040504629676761272e-01
2.242984706593315058e-01
1.992459622282481413e-01
2.675841001179164458e-01
2.066442477570689940e-01
3.091174389974747361e-01
3.282154157396616756e-01
2.817243679918393084e-01
3.132704349352178896e-01
3.214123907042450434e-01
3.666623140458101782e-01
3.062432634632145656e-01
2.535947316230773851e-01
1.739219005633974580e-01
2.414859635685175365e-01
3.353980882475737779e-01
2.342572485385088776e-01
3.215680956746590491e-01
3.015952803593259790e-01
1.344802091998260896e-01
3.913725967273150586e-01
2.879158286325243510e-01
3.229706367433134440e-01
2.632276085322451942e-01
2.813906246885602425e-01
4.787904446308648837e-02
2.310023430560183000e-01
2.430597958957027016e-01
1.015728079900470593e-01
3.469218932831728552e-01
1.549555234647264079e-01
3.259129074338114607e-01
1.652738156009629089e-01
3.363138861163945670e-01
3.019715005841167588e-01
1.918266414027684497e-01
9.424872098192373093e-02
1.683971854823690384e-01
3.727698704532729224e-01
1.291707839806295055e-01
1.815290947655536224e-01
2.270565447792943226e-01
3.929776355421472078e-01
3.470715922892492755e-01
2.506507127164845916e-01
3.160330904068398006e-01
2.770164261936354788e-01
3.204208593871833988e-01
2.276447540126628200e-01
3.695696024890648967e-01
1.888409843104879304e-01
2.023336342004602162e-01
2.916701328529515691e-01
2.975348048376657006e-01
2.060667050254628985e-01
3.497231504399033186e-01
2.941348750494469089e-01
3.084219075575951319e-01
2.973009620675661768e-01
2.021624221311772440e-01
1.795820710120429042e-01
3.329133319109759959e-01
2.638968069977272179e-01
3.098224952419526557e-01
1.846521392105932580e-01
2.559297052511535497e-01
2.509872365784628911e-01
2.021101405376474758e-01
4.079942088741544959e-01
2.844018158431939058e-01
3.129730214857935344e-01
2.858536784530878450e-01
3.334220960421058200e-01
1.782690696483217874e-01
3.079074914801723795e-01
2.998488437851297150e-01
2.400148502298027897e-01
1.821303991818670476e-01
2.268647873477591670e-01
2.385785097197069826e-01
1.916213026256047558e-01
3.199274371329434707e-01
1.795746518893901189e-01
1.693845679591622910e-01
2.881467785790848835e-01
1.375671486039463653e-01
3.380870679558826142e-01
1.034448861324478580e-01
1.819230903622897078e-01
2.123956555634954613e-01
2.490367441978799390e-01
1.759418041641083175e-01
1.896521825991560051e-01
3.217118494014764574e-01
3.038508483523679193e-01
2.278785593995179826e-01
2.505095631460865224e-01
1.819524072261530789e-01
1.513647139171574729e-01
3.304329638124910429e-01
1.046392880274852333e-01
2.035981951636293696e-01
2.444199157818628398e-01
3.626645377515006485e-01
7.448603367176297174e-02
1.867837092780504360e-01
2.348134258240712202e-01
3.823451167609501211e-01
3.505788619835158437e-01
2.470756752073248741e-01
3.927236981832176732e-01
1.329970552470014777e-01
1.416128523275425599e-01
2.148586170947995033e-01
2.244185390282087966e-01
1.391732037116342746e-01
1.422214723720423291e-01
3.987249343747574226e-01
1.080038644766593836e-01
9.552615052286257680e-02
2.369876293209970397e-01
2.437385041256971419e-01
3.108534562212019181e-01
2.249401191019990975e-01
2.412504938792072728e-01
2.018149926910414726e-01
1.616971140118739492e-01
3.158897001393827786e-01
2.960414085010853458e-01
1.348860020145822292e-01
1.683973283572883228e-01
3.039502351519592915e-01
2.185761109047806849e-01
3.517655259833234460e-01
3.093461021008951928e-01
1.338550566215079840e-01
1.586224470086169402e-01
1.697655000431618488e-01
1.789760072829350290e-01
4.190285945936966239e-01
2.683881782544603745e-01
3.388790705269837944e-01
2.923824158279880181e-01
1.500098828379348714e-01
2.566099047160541602e-01
1.512006523298879412e-01
1.033126927439587950e-01
3.024728950204660927e-01
