1.955465692466420158e-01
1.089585057126238460e-01
1.864879297697814853e-01
2.030036448194712240e-01
1.527249047309094197e-03
1.871336455599659221e-01
6.818328316697423730e-02
5.834900392841748662e-01
3.422512020223567736e-02
3.484769768105335785e-01
7.543983606998509728e-02
6.370247487108673390e-01
5.750289237561820865e-01
9.744946794736067397e-02
1.966418134662921979e-01
5.569872484633375809e-01
2.349156620378092253e-01
1.590927586227984247e-01
1.987820713183084953e-01
7.868269187413196031e-02
7.155070130649736626e-01
3.164487967104492316e-01
6.567916924982251103e-01
8.503289610844416702e-02
5.616631926936986874e-01
7.136592841658163933e-02
6.379287595896054874e-02
1.507141937822527311e-01
3.014846185805766243e-01
7.817688820072232758e-01
6.032776000555644114e-01
5.353389033078050918e-01
2.608987681079448784e-01
6.981841622687208204e-01
3.228608453621756302e-01
8.967171821105179852e-02
2.555503231018882992e-01
2.544248393614882975e-01
6.509017608879195116e-01
1.407257614065909879e-01
1.500281362055156942e-01
8.470635819165919789e-02
2.584410209770418576e-01
5.851873537445196893e-01
6.510139133547566681e-01
2.228307126291400042e-01
4.775197220189563163e-01
6.270876773800827531e-01
8.183472967236260498e-02
5.338459518503918533e-01
2.153705216202813078e-01
2.557846636690569997e-01
5.608937137157752467e-02
2.184243954614940031e-01
2.045141695489364753e-01
1.302125053694480339e-01
2.043599848947987296e-01
6.298872583221004628e-01
2.163496622626773780e-01
3.240942234433745739e-01
2.457070836922630452e-01
6.294648798309901983e-01
5.296389845122548845e-01
5.968511183656503016e-01
6.764686349962236722e-01
1.854904865489917787e-01
6.466263568148180596e-01
6.688531093527479987e-01
6.276795241305472839e-01
5.698234011252488740e-01
2.229216784370592064e-01
9.168688322822618475e-02
6.177964794901710244e-01
6.630734344394554336e-01
2.072907747711330295e-01
6.730261742460444951e-01
1.251517508130109424e-01
5.716972507624105138e-01
1.652050052686389048e-01
1.377497302222308595e-01
2.208992477166298041e-01
1.866661735263411559e-01
2.858742430647910338e-01
2.452235778498537133e-01
1.751797753031004157e-01
1.766583101198307970e-01
6.503327055613328245e-01
3.025948163378032740e-01
3.509978791339179449e-01
2.406702503007447369e-01
8.430188625520107504e-01
1.928966868645705657e-01
5.566598286120564287e-01
6.471340298332574070e-01
1.361328216995363327e-01
5.628946407074700842e-01
1.622392982513430615e-01
7.248266804543084252e-01
1.749886451761505368e-01
1.278357983647719354e-01
2.922411992855731833e-01
2.295791211991178027e-01
1.210882934783116538e-01
5.028768003170134282e-01
5.412636865861653046e-01
5.606018268527179771e-01
1.661283039322126731e-01
3.073497102184948870e-01
3.429880339717921167e-01
5.736509482130349724e-01
3.777114231304220526e-01
1.820648930334872739e-01
5.680100947376348630e-01
2.460911166504282932e-01
1.726239799963696364e-01
6.365416939269792351e-01
5.126764595296958715e-01
5.198277647034508231e-01
2.629061822007924820e-01
4.917971793805915870e-01
4.737193343672980173e-01
4.849402169572000210e-01
6.411547999566791223e-01
2.142617335029943504e-01
1.530338477578571943e-01
2.242496798657444557e-01
5.725209533858073574e-02
7.352438734716160162e-01
1.660578400881199124e-01
6.612504156249222886e-02
2.717966129668882846e-01
1.997374738224699797e-01
6.669688105794132627e-01
1.145692907118510961e-01
2.007642435133669412e-01
6.865810159445131511e-01
1.224501241098077675e-01
3.794784605712920866e-01
8.485075216790978481e-02
2.737675127647653528e-01
7.298497155677316495e-02
6.289235240603984201e-01
3.078415012860152844e-01
6.088267809235947681e-01
3.252001889789442046e-01
2.809871202918560740e-01
3.029845266785904379e-01
1.462931034216376491e-01
1.877576521756962324e-01
5.481802367604654558e-01
2.771589546318292685e-01
2.697596747345571422e-01
1.475387922231591875e-01
7.689880329932036185e-02
5.802814591492952978e-01
2.533653291239246208e-01
1.993732316901395407e-01
2.305588467381559648e-01
2.213094264497723340e-01
7.515150772930805356e-01
3.185574080774931094e-01
6.931781909724463175e-02
2.044297243205437931e-01
5.847298300179514241e-01
3.348001732827131649e-01
2.879993062394183290e-01
3.169077785965486171e-01
2.402627959117206724e-01
1.496531893333306051e-01
2.678842243021762881e-01
5.600327465048946518e-01
3.279124444630557300e-02
1.879409478979114645e-01
1.696010234906410730e-01
5.101207656232702448e-01
6.060493327957895415e-01
5.522497407622193322e-01
7.925296134138350990e-01
5.181539024732582099e-01
3.384349295963580140e-01
6.608334979077252758e-01
6.886737012373093103e-01
4.042934546826969511e-01
2.447273142309425720e-01
2.975190850076176591e-02
3.325249488051562063e-01
4.285900610785539078e-01
1.485674715939993007e-01
3.261952822650103501e-02
2.769331849373001808e-01
9.476591397031787489e-02
4.643208694923925961e-01
1.600634335305227418e-01
7.016294801271014681e-01
6.475145047213751726e-01
1.287997732654757310e-01
5.447385375881307334e-01
1.699722686046953590e-01
4.905700850167218352e-01
1.789206305988063905e-01
5.609308554509706557e-01
5.581683223300979435e-01
1.946371617300156343e-01
1.567983708446289148e-01
5.371554238146230009e-01
7.550239446774506535e-02
1.754371361595656320e-01
5.287398029945147293e-01
5.189652781009209681e-01
5.992456313981585625e-01
2.746730564246286366e-01
2.129601091055578210e-01
2.893794431965620584e-01
8.140489674336462422e-02
6.536221042497575295e-02
5.214059227702371180e-01
4.677532045715007136e-01
2.989686909808851878e-01
5.320895205045970133e-01
5.242381499349336726e-01
4.218117052260877964e-01
2.173740321385585483e-01
4.927334793789651113e-01
1.328581042024016279e-01
5.294729776719918624e-01
3.978331830097210919e-01
3.147000558351089050e-01
6.405523453006490842e-01
5.219814991862377074e-01
6.232462518715403688e-01
1.870259978652196176e-01
1.130768827781211405e-01
1.912765870979272476e-01
5.142400416397613361e-01
8.490352543250975770e-02
1.607585563082785107e-01
1.584312406645193017e-01
1.548551964960139249e-01
5.806882495038055980e-01
4.872694715671931354e-01
5.548962061734162843e-01
6.957538356502195320e-01
1.511422152742012970e-01
1.019117709370405411e-01
5.682950498889294960e-02
2.140821236256928439e-01
7.445248745188871586e-01
1.740038003304207603e-01
1.223474903723066609e-01
2.734925145746455177e-01
4.700729252523467849e-01
2.385110649431825824e-01
5.281501581014945712e-01
2.302673821566577628e-01
3.480069381040390430e-01
8.501574948791067177e-02
2.485238045912673555e-01
5.788701547450600948e-01
1.417593519679828939e-01
7.153087915052711576e-01
5.578775500010451083e-01
3.674311757572983339e-01
6.192077363164517623e-01
2.467771104105156987e-01
5.446159835354136280e-01
1.871663402108499075e-01
5.918960975225801002e-01
2.477493519833701696e-01
5.408800693622243250e-01
4.903434613304699652e-01
2.217963150302913466e-01
2.688190055167065662e-01
6.018190071535333141e-01
7.900075603917621203e-01
3.656561057054308894e-01
4.721932262253095147e-01
5.953881471383577484e-01
6.338838770750734319e-01
2.119695920159395119e-01
6.719306494122677664e-01
5.805897588952200206e-01
2.454064155869908198e-02
6.391603246973035501e-01
5.646578112155918872e-01
1.656001593387192508e-02
2.410587059280698552e-02
2.152611347363359573e-01
1.668451019221378340e-01
2.049230055623660340e-01
3.377846446518583678e-01
3.124153747028857175e-01
4.638317404435199909e-01
1.421502557283728652e-01
5.834184151546594199e-01
1.287504620661068244e-01
3.731404721024397242e-01
6.551819646243948192e-01
7.872391019040566595e-01
4.161033926117591042e-01
5.573529770231669955e-01
1.332411580643901375e-02
6.526708432194768816e-01
1.492842288055001299e-01
5.693161518817314581e-01
6.376734253528169027e-01
6.055386171326188061e-01
4.616937986618799838e-01
1.543862361676175965e-01
3.104678557005449702e-01
6.274127992209851401e-01
1.286201207890688702e-01
5.885639017057836542e-01
6.350625560741203213e-01
5.693541478617990259e-02
5.327897074540540734e-01
5.701282611997348093e-01
4.057631546088426022e-01
5.827897473934264827e-01
1.622997683495146781e-01
1.093639841113868971e-01
2.104853980840867000e-01
1.113506854177860328e-01
2.307016668078073485e-01
6.127915083123595952e-02
5.478443138045890892e-01
3.569116179415948165e-01
5.358282475974527337e-01
1.646353828171662204e-01
1.976344062298541204e-01
7.743664043892166393e-02
5.951957403694082549e-01
5.554694543048707134e-01
3.270416113197240904e-01
9.199721158643725527e-02
2.546329215488322140e-01
2.185568183696479094e-01
1.131244908847611891e-01
1.516662981391228016e-01
2.857410906096018444e-01
2.458807868524746643e-01
2.496848446276098699e-01
5.952916855063494772e-01
3.553128254433677302e-01
1.770450622726812140e-01
2.402966097640185095e-01
5.754796493611910035e-01
5.295838040129501323e-01
6.640442621161468661e-01
2.466477299083949526e-02
2.857634588483313198e-01
2.013215648754159218e-02
6.095371736037259736e-02
5.891252484085920393e-01
3.028507955722736233e-01
6.483952284363214691e-01
2.330301464104974352e-01
5.065699295736997287e-01
5.531119551022737335e-01
5.523692282171965839e-01
5.670657448584921489e-01
2.803875284214006336e-01
6.787515046012267961e-01
5.617611528611620164e-01
2.607804357160486974e-01
2.274754594646004047e-01
7.229453454914659682e-02
1.027258755229847609e-01
3.054390291385114531e-01
7.335240833628718926e-01
2.049402653901946925e-01
8.258094580148703234e-02
2.817658072159040517e-01
3.393694609190257561e-01
5.382816025245227287e-01
5.187331027998366428e-01
6.622551507511514890e-01
8.311263686294392827e-02
5.145625943651830347e-01
8.653592441173707517e-02
1.016582870414732831e-01
6.316380699598329596e-01
2.642431290586200743e-01
8.215402272437494213e-02
3.026044560486844670e-01
2.388076487374490853e-01
8.756543604259611757e-02
2.042700215732770053e-01
5.458056442073263570e-01
3.312291066309244192e-01
3.597239104716641322e-01
2.107092301890024499e-01
4.666002171947038479e-01
7.006061433269126226e-01
4.561726259303633402e-01
6.612253545649948716e-01
4.965549154792358033e-01
9.474002476778431436e-02
8.686142553383364995e-02
5.965148778841511401e-01
2.115366960809060559e-01
6.049806363069842874e-01
6.489768274947824711e-01
1.026863240907466696e-01
5.742567878003989046e-01
5.374309397957611756e-01
2.989181701815279424e-01
5.420228511906628466e-01
3.225905980642947979e-01
4.098082794778591387e-01
1.695403090075868202e-01
5.476352022190087432e-01
5.239527755914378249e-01
6.249754478971257521e-02
1.051201240442762308e-01
1.969677901264874631e-01
2.430991372627808733e-01
2.158648425271996740e-01
3.322416082176764957e-02
1.681728622131589967e-01
6.923654955167224401e-01
6.459298766384230506e-01
6.215282218305135525e-02
4.061262860929040069e-02
7.768822730294221157e-02
6.355334937316130528e-01
5.026136272411164674e-01
2.672874652796125017e-01
3.174309750245114525e-01
2.544415633601438964e-01
4.293155630834809555e-01
2.319717924940224718e-02
5.185529983765929662e-02
3.007521476361985080e-01
1.831467797385070151e-01
9.375163302310163260e-02
2.555129858992905012e-01
4.691853678638389924e-02
1.073897050024718303e-01
2.797503384932114034e-01
5.798799041906724794e-01
2.437100608117644396e-01
3.244909831096973174e-01
1.934741140971924789e-01
8.390774608747414431e-02
6.517269489420361994e-01
5.120780025208837571e-01
7.616963771261900384e-02
2.328223419234274894e-01
6.209579725273850492e-01
2.239668527575261470e-01
2.337175030409161525e-01
2.138173551672482298e-01
1.029751307505237107e-01
5.918203224977994781e-01
6.054838548841409152e-01
1.881325474980914958e-01
5.442341475667455963e-01
5.472174038685050368e-01
5.971947438594553681e-01
1.756699719973732199e-01
1.106330960331904228e-01
5.538665408881104923e-01
1.326985577096791991e-01
6.481169763307295106e-01
6.582435662564646295e-01
4.987171912709262300e-01
2.685303939036495779e-01
6.784765914916097707e-01
6.564868905826466428e-01
2.002974180605898713e-01
2.833355027879718713e-01
5.678976747153591242e-01
9.070735714130705174e-02
2.549227549774478185e-01
1.851319411192478281e-01
5.555063611716097860e-01
6.941652276428054158e-01
5.125618594231650116e-01
4.621785829101700549e-01
2.249115901693050368e-01
1.584297242092738700e-01
2.243188949322749148e-01
2.870813195849453159e-01
3.058990669363554904e-01
2.407633505147498687e-01
2.396699477523371313e-01
5.218016370373277368e-01
6.533686219665620909e-01
5.667526024029057030e-01
2.172329766032775888e-01
6.697606003237761563e-01
7.174469473649338624e-01
2.211963841624754457e-01
6.107278389465377044e-01
2.932619941364477678e-01
2.296899373437101821e-01
7.254306178094144242e-01
3.196957804218772958e-01
2.141401860583610761e-01
8.109280348014757944e-01
2.384865296479277141e-01
5.103429270006791807e-01
1.763559389609940520e-01
7.104788204752126024e-01
2.338776403120734204e-01
1.392905090895228681e-01
3.238795752476895107e-01
1.574161245440394985e-01
4.432070539639555440e-01
3.269431380348001293e-01
2.882877523539559839e-01
5.964313364488136315e-01
9.187389904356305093e-02
3.516447952336684279e-01
2.235205506100501616e-01
5.368636844903196259e-01
5.326385924945997719e-01
1.763129330148885399e-01
6.652411104621330784e-01
1.430463382009761752e-01
1.852538431281834652e-01
1.964303837000918318e-01
6.555607045808943267e-01
7.492106647332213987e-01
6.346941339585556729e-01
1.000838670683224796e-01
1.655517767121652828e-01
4.635749667934316864e-01
5.390761693329175763e-01
5.592157676032832869e-01
6.038797725926414728e-01
3.599955723964736176e-01
2.266590610460279820e-01
2.305254396158470942e-01
1.493561339002437427e-01
2.406520499185036688e-01
7.250981640473802559e-02
3.970204501341533243e-01
3.928244756797059090e-01
2.960720576446589369e-01
7.324753167735381654e-01
2.189788633563649334e-01
1.483145888377431776e-01
6.006591708978011868e-01
4.649348316627930910e-01
1.402896287580400747e-01
3.362746795925400933e-01
9.407717578010345305e-02
4.928640697805383164e-01
5.591003763593089815e-01
1.921342952372278312e-01
1.217332760071679482e-01
5.718638602676260341e-01
3.521463785172713745e-01
5.181961812596410644e-01
5.197535522898777405e-01
6.059541329417154065e-01
2.139720678556249200e-01
3.358943955728987407e-01
1.747856045694541338e-01
2.534236909276620375e-01
1.171794285527215790e-01
1.750829754261697124e-01
5.616292481246789592e-01
2.854777468434083199e-01
1.712635087539566836e-01
3.119131563423335196e-01
1.868640823975865062e-01
4.847531146551602443e-01
2.124160835923215584e-01
4.519515634918110925e-01
3.046458730368028500e-01
2.393532040710986686e-01
5.744462062042895445e-01
3.943398026547069724e-01
1.702737153256639324e-01
2.810234783952039739e-01
1.241552838504046546e-01
5.498151292935108403e-01
7.266123703063953609e-02
2.066399121577157383e-01
1.947591559643175874e-01
1.314007052992310631e-01
9.577443715153544090e-02
2.913317526428658988e-02
2.585437627416573014e-01
6.025563230379241686e-01
1.371820230093319937e-01
2.247362788776822717e-01
2.414334599534365411e-01
2.209710743442580005e-01
2.155955469364319033e-01
6.302092898653199882e-01
6.985117741579317530e-01
3.491795693923917254e-02
8.970439796224835560e-02
2.403097539614976186e-01
5.535478731509702044e-01
6.377910533924654457e-01
6.694918242735901082e-01
3.439596266208265751e-01
2.548734205591974833e-01
1.443741285087302983e-01
5.717222780332256171e-01
1.856663360809796270e-01
4.870881240580514082e-01
1.600915429229711195e-01
4.983484512120330834e-01
1.096320738228728636e-01
5.544556502609977733e-02
1.560437706236419975e-01
5.586566954073824975e-01
1.571894167333388326e-01
3.008885812161458118e-01
3.699336869969808705e-01
6.011966959191268334e-01
5.817755696299676815e-01
5.267685622843951698e-01
3.232172514632718485e-01
6.051803323681675950e-01
6.173792673179267360e-02
3.923351383034955064e-02
4.721611146700066541e-01
1.157422175234207873e-01
2.584731532773043572e-01
6.476102079608796469e-01
1.752445622076636011e-01
5.548594888619888810e-01
4.972879041013760631e-02
5.539395033331747653e-01
1.372218762126702352e-01
1.327628681936787736e-01
5.451147788797148230e-01
5.180766852632963104e-01
6.140528091868028282e-01
2.382113595152248187e-01
5.230628258933328611e-01
4.751702970737656240e-01
9.066674474387717564e-02
6.701224423892491178e-01
1.132802811081423944e-01
3.614410093876717633e-01
1.364926994672067684e-01
5.728377925575642848e-01
3.640078708240244709e-01
6.612623557774897076e-01
2.330719461536456261e-01
3.788339978303072453e-01
3.076681440978827897e-01
2.068566964590577151e-01
2.124056504594064032e-01
4.157664010635606644e-01
4.368866266910174101e-01
3.345888666006358036e-01
5.762130493096395689e-01
1.457639574844922237e-01
5.611772575382021344e-01
5.065956947185844550e-01
2.222330654503711089e-01
2.716525714877167097e-01
3.349711769503287417e-01
2.753955606963284231e-01
6.366156006049644711e-01
1.530023922665646463e-01
1.425887831333204347e-01
2.403078692576403053e-01
7.843804430181186560e-02
1.215795853087458800e-01
2.353935397125595519e-01
1.424570140322980460e-01
3.713387425606780035e-01
6.433761364662889948e-01
6.995652096228091033e-01
3.195685189690060657e-01
3.015618867215786314e-01
4.788769917787014663e-01
1.042082196984128323e-01
7.069118963135058165e-01
4.754624865397983902e-01
5.916919770918485089e-01
6.470943749423216929e-01
3.517997087332671580e-01
2.095493457448103225e-01
2.310617355387405980e-01
5.559833872016005651e-01
5.198526802157074078e-01
3.031780987450323206e-01
2.318096933184711217e-01
3.218319485916003031e-01
1.248799594547374825e-01
2.042071364955790058e-01
2.980989706282137774e-01
1.872827503537414229e-01
3.330674820616276177e-01
3.576451148743745589e-01
3.102546595073187308e-01
5.353756574086788733e-01
1.808760900438183272e-01
2.083754585268960680e-01
7.678340559395775422e-01
6.238829985689000601e-01
1.291683143616617624e-01
4.020580570531104847e-01
1.220002315039681040e-01
2.220377571933514205e-01
1.111489803517587971e-01
6.177039855317327799e-01
3.542529377801135748e-01
2.272237312979040191e-01
5.973882513791747839e-02
4.698076531054395377e-01
3.063297244364746597e-01
7.709044224812371393e-01
2.199786204298963266e-01
5.145671600717441896e-01
3.281621469919132617e-01
6.144021490226146964e-01
2.086739683163380543e-01
2.543992504892054196e-01
1.779554012396693530e-01
1.442325103999025915e-01
1.059586801900461450e-01
7.460735087391976439e-01
4.978667250351124368e-02
1.069841985679215179e-01
1.124411148382944287e-01
1.066569786942122150e-01
2.249915275286049621e-01
4.866467835106731976e-01
2.904678747892129875e-01
5.561782157989569875e-01
6.383538213955506357e-01
6.773626700208981166e-01
3.058480395490097425e-01
4.394649628560609589e-01
2.169614056596858020e-01
2.324016921840477701e-01
1.543083680962936965e-01
5.884427511411306488e-01
5.385285561815973399e-01
6.049222987374012206e-01
2.111230835387407079e-01
7.842969924729939479e-02
2.016576786517062236e-01
5.310062251919530629e-01
1.786056751236311801e-01
1.250763896446559498e-01
3.929797743313925285e-01
2.301816848294163387e-01
5.759282647606716043e-01
4.869418610220926369e-01
1.493641709217660429e-01
6.077766375807325261e-02
4.881641216576376729e-01
3.882330689705368876e-01
1.177351911197965506e-01
5.941240555705039617e-01
1.938610697649329473e-01
6.158340127030109690e-01
5.732464101714984661e-01
7.263232792173750507e-01
1.844262242670665630e-01
1.675643987717643224e-01
9.078379474238437719e-02
6.360961423938013004e-01
1.891976804345262830e-01
7.196585480701897519e-02
3.697443678865027783e-01
5.184103057834328343e-01
3.834357710069421499e-01
1.867261026123730461e-01
2.909742548828937458e-01
4.516154352560445284e-01
3.471483780339912895e-01
3.262726620116970233e-01
3.599180975661186443e-01
3.402899697666244005e-01
6.648419689262387022e-01
3.991124491184537548e-02
1.465748581212596713e-01
6.791852993348648226e-01
2.595043741308171170e-01
4.374394204602672920e-01
1.377972236067341594e-01
6.533477198263644148e-01
3.042570845446807004e-01
3.464239384399538380e-01
1.832057018303769880e-01
6.164064174907788463e-01
2.212902641488479483e-01
2.842796281482403153e-01
1.233331922016563525e-01
5.890787408449337237e-01
1.486117377713073728e-01
1.286023176327097117e-01
1.076976408744282077e-01
3.122681785271791410e-01
5.865755156328227304e-01
4.728434126019565586e-01
5.774841964050940746e-01
1.414728873222139693e-01
6.003283772548081432e-01
2.086775182979353216e-01
3.304144807062797673e-01
5.444586809592191767e-02
2.644627182329854498e-01
3.075508090944283346e-01
2.189284994302196363e-01
1.280229229078896358e-01
1.061471526358050976e-01
1.214028931038836356e-01
6.448914043484310632e-01
6.139348324238728116e-01
3.065571308650840154e-01
4.712866958340291568e-01
3.118145558914128812e-01
1.560913161292834528e-01
4.699601855202365508e-01
1.238272642034065618e-01
4.803462777706275777e-02
1.384085445095757649e-01
9.912300854791655791e-02
6.577026627369171319e-01
6.493081888036604798e-01
1.546866701909423159e-01
3.076898802451958903e-01
2.523316243358439959e-01
2.356110292449583032e-01
1.765438574992595766e-01
6.787752919159987242e-01
2.174566206146392733e-01
4.106863099065546224e-02
6.758588616293168538e-01
3.571779968311448172e-01
5.465152049866529582e-01
1.638325333749929835e-01
1.407567983381380616e-01
2.606379193552358364e-01
2.481798884045020304e-01
5.444810849147845300e-01
1.858668136663248205e-01
5.700849544946443581e-01
1.571027085923523692e-01
5.451983353820331057e-01
5.014524780417648486e-01
6.307400241447115308e-01
1.615297253021478752e-01
2.687969469360003139e-01
5.700352347305948086e-01
5.410248516364690036e-02
2.217714098022649516e-01
5.389455439359867039e-01
1.981806962313134024e-01
6.965243432854807404e-01
1.482616045704855945e-01
1.984699934986857706e-01
1.968822888630968326e-01
6.101480182450224055e-01
2.007133212369290320e-01
3.868183301791840167e-02
5.006632240893340580e-01
5.978861947980088631e-01
7.485575315523057549e-01
2.398272917303555241e-01
1.005328786205342551e-01
5.636707192692781421e-01
2.055445541805310528e-01
6.401730005798020873e-01
6.698038833675766801e-01
4.396561497913455963e-01
2.095558305238603702e-01
4.789738862462345481e-01
5.719517917266543350e-01
1.086158788469398506e-01
2.766550351353812554e-01
9.652286421019912188e-02
1.646028379870250469e-01
6.184741077116279878e-02
2.019910929599860738e-01
2.655433423898176382e-01
3.408797874830726271e-01
3.371600219129601839e-01
1.274304778453423659e-01
6.407936260235465031e-01
6.908753153354745269e-01
5.860092536632961480e-01
4.678967104743723127e-01
9.957413847833239406e-02
3.346862707472521015e-01
2.603589135420194545e-01
3.716983792575376810e-01
1.273008159775277370e-01
8.573620680526553017e-02
1.264084444622950443e-01
5.949290618270710596e-01
2.306230070679418653e-01
2.242472310063074181e-01
7.016845598570504716e-01
2.658650921952434021e-01
6.750583633706683795e-01
2.436358947503919348e-01
5.241373711972332483e-01
2.859192637750554988e-01
6.455585623801106676e-01
2.666710913499140134e-01
4.860532146662726594e-01
1.281802638742450262e-01
5.107821274074112461e-01
1.855135737245084543e-02
3.556869364049467519e-01
4.107792776837250193e-01
7.028725049415510129e-02
6.289242170647532104e-01
1.057565451740321572e-01
1.928845385192167472e-01
1.865587755861205510e-01
2.555990250784791473e-01
6.266351837676022996e-01
9.385135560464075155e-02
6.009736195609558657e-02
6.254708391760098740e-01
1.779580698560885577e-01
5.515850803876339858e-01
3.567169889056459597e-01
5.495689252442127470e-01
5.858753794050518549e-01
1.400890747136677439e-01
7.801136206155363517e-01
1.868722875938088057e-01
8.946015724158420945e-02
6.337007363672660931e-01
6.162331719910285610e-02
6.845431258299665700e-01
5.393661493045114330e-01
4.274621689360671994e-02
5.716601967983873100e-01
3.001771783343143429e-01
8.511625828274314853e-02
5.227093980099153381e-01
5.989050316707547061e-01
1.985065536974674749e-01
5.653371976344284677e-01
6.794838825738697130e-01
2.954004721936311917e-01
1.535471935361191198e-01
2.171810318114481830e-01
3.241164859005913335e-01
1.965207075314136242e-01
2.301045308733163930e-01
6.711245335797306755e-01
7.017832063071538506e-01
2.846194067116698534e-01
4.994132526944310979e-01
2.349704560089352079e-01
6.351647319025227612e-01
6.306742445650488360e-01
1.159364845244955089e-01
5.650178832278800467e-01
3.186943313723916704e-01
6.733131593237173806e-01
3.368898469540533291e-01
5.392408480322451875e-02
5.957036140089567722e-01
3.510541472043867683e-01
1.549955089157848409e-01
6.884622117068456282e-02
5.309686081792318602e-01
2.138670598599768380e-01
2.464210427365188527e-01
1.982558266951189585e-01
1.983046695025181827e-01
6.715353910288259787e-01
1.205515746226399620e-01
9.826936872326447192e-02
5.682178575870949766e-01
6.468636351288507003e-01
2.450310632627942797e-01
9.502029089173827381e-02
5.797500061836443619e-01
2.100266491361375554e-01
1.157986143122845535e-01
8.793132246652177186e-02
5.820487539009348010e-01
9.363076823671992455e-02
6.301633432265014712e-01
1.474651488211818906e-01
1.343589587248001094e-01
1.433433732415754780e-01
5.182418290507200265e-01
2.092969608505684254e-01
5.015412329709277861e-01
2.034380165056625944e-01
5.721372690579910048e-01
4.739860177615674575e-01
2.531603076964235588e-01
7.569420848479264663e-01
6.028968286896567719e-01
5.720206018847944218e-01
8.757121434389200654e-02
6.066401571766848189e-02
