2.674080530944669687e-01
1.579504280376592407e-01
8.585240055985204899e-02
5.995163361242220601e-01
6.649834986554445937e-01
2.641965569793618407e-01
2.712056114745087232e-01
1.330890069988059365e-01
2.426589865407136337e-01
2.554792273941510761e-01
2.098370958298182432e-01
2.372036810442585963e-01
5.032043161313832780e-01
2.289366461917413109e-01
6.336338955802148787e-01
9.977032390240384019e-02
2.286915173723415573e-01
2.293925648056314714e-01
1.647320528700412234e-01
1.115631209480362485e-01
1.150183639257086332e-01
3.651848264125451271e-01
2.153131649091000743e-01
3.206946687930140594e-01
1.675898323090180830e-01
5.268545703756404297e-01
2.147301150482908982e-01
5.779793444834038230e-01
7.135737533570189750e-02
1.429551561421344430e-01
1.125212209848099054e-01
6.467118956255092366e-01
6.063614674775610336e-01
2.062188092237288717e-01
6.001927048145727639e-01
5.815604276404922057e-01
2.257368128175976929e-01
2.318753096236692568e-01
1.133628651033053714e-01
2.031729228083496153e-01
3.682341793695907972e-01
4.143413300112739478e-02
5.756910109040704882e-01
6.283290190726080748e-01
5.668903489354807368e-01
6.628907978946861901e-01
3.003351071831482089e-01
4.841869658103112317e-01
4.584913465676173638e-01
6.485940363882813919e-01
2.854808513484302090e-01
5.221962804997848373e-01
1.063698951625570432e-01
6.187995504997210183e-01
1.357597982324584007e-01
5.905566261225516644e-01
6.439066849294602379e-01
6.988830004835301368e-01
9.585819082784606537e-02
1.974013293716248008e-01
6.637985479250592125e-01
4.828785679537557773e-01
6.084828524243528491e-01
1.639238505600632279e-01
5.718211026633447380e-01
3.435228670943587526e-01
1.739032928278402279e-01
3.203277248160705248e-01
2.344111212360238117e-01
6.350429945553724975e-01
1.427911409828301059e-01
1.880457499603592209e-01
1.843066325442157538e-01
3.673829920263126381e-01
1.819509045224393939e-01
1.030745273541467111e-01
2.967464099776194741e-01
1.303726451345582626e-01
2.358651090517118187e-01
3.691831083167251837e-02
6.893655003667731318e-02
6.314009868948050608e-01
1.395132749269472616e-01
7.177866709084611274e-02
1.671936279070754539e-01
3.366330556174043642e-01
6.026273811123303847e-01
4.505062074945410666e-01
1.736642081974741347e-01
4.872074567191368444e-01
5.147942428967379191e-01
6.088709830670981926e-01
7.310735213853836179e-02
5.552619219490583236e-01
3.472831623635044274e-01
5.903859788940051256e-01
3.242176247439055442e-02
1.901542670509130395e-01
1.263345927050302797e-01
6.333383572562069075e-01
1.358439213698793557e-01
6.192280353453053499e-01
1.346710882447830493e-01
3.003701001318264119e-01
3.931147388058331416e-01
3.563160697668584231e-01
5.247538725302283158e-01
5.673136604701538577e-01
5.975400621956258318e-01
2.623053321554386086e-01
6.020158472418724038e-01
3.007067547694188270e-01
1.070683163618839223e-01
5.790635984827610105e-01
5.609091028370903897e-01
5.674244134073702650e-01
6.136035925541092340e-01
5.672689454978422363e-01
5.664610483844082500e-01
6.136698911929785449e-01
2.782030788396553378e-01
2.800240342902804436e-01
3.051247065374910195e-01
5.351472451208618697e-01
6.193933131511095702e-01
5.623550640718173455e-01
9.613862960710006789e-02
5.440912331284629422e-02
4.627666490942609068e-01
8.269780867744599973e-02
5.882021363068796749e-01
5.613792445923444091e-02
5.281741967954083350e-01
5.732271875145730777e-02
2.722855475004309911e-01
2.202309273912299303e-01
1.947909471916746404e-01
8.939383044600859862e-02
5.629843772299153448e-01
3.436156100848988260e-01
6.606776931940165909e-01
7.739774763687079506e-02
7.159094718008747193e-01
2.256748244696393790e-01
5.709919307259788690e-01
6.498189962185093593e-01
1.735230739776248698e-01
4.663458716988592156e-01
2.050107962374059789e-01
1.385792162527222371e-01
6.592962436461093922e-01
5.685316708358523208e-01
3.886815072731724663e-01
1.946902463386810875e-02
3.785216456021007758e-01
5.560256043721549801e-01
2.463267831658613183e-01
8.290751210565049101e-02
5.285202128010011435e-01
4.179393115601627851e-01
2.123458501102872265e-01
5.444769749578814988e-01
2.034431218910031092e-01
5.594777321780750046e-02
1.072383768470323295e-01
1.601481576012894759e-01
2.539565983508360603e-01
6.593809933751095809e-01
6.287865462890479540e-01
1.489120986761782728e-01
5.556851329297232134e-01
1.713348368361549690e-01
2.165418656841817113e-01
6.813955924055079549e-01
3.407092783763048804e-01
2.112339649652845708e-01
1.264626924432017963e-01
5.470663477547242914e-01
2.025513879965364916e-01
3.733614717092402779e-01
1.753677548980265288e-01
7.223963715548560316e-01
2.609170307327616234e-01
2.775782935170946764e-01
5.152783675676150255e-01
6.583863113494836661e-01
8.874715136009161953e-02
2.132797104967457114e-01
1.084771155446170587e-01
6.120849523160338812e-01
5.296785639634604692e-01
2.992187338331611102e-01
8.926173415014378165e-02
5.102246380109309865e-01
5.145140690733727151e-01
5.158607952939202601e-01
6.187272937694150710e-02
1.379136022844096865e-01
2.225945593270659550e-01
1.015129540109062645e-01
5.917577977659566058e-01
6.408221449654363244e-01
3.644285531409207635e-01
2.088222649786767304e-01
3.674502131207894040e-01
6.302397582827418132e-01
2.413738927646139065e-01
2.404076210505610156e-01
1.381811359985476995e-01
7.547356325140980315e-02
1.935813184959320754e-01
5.470720145723512173e-01
7.164066516641892646e-01
5.374679292896258342e-01
2.426353211744792238e-01
2.586238703859143340e-01
3.989854490674939191e-02
6.804903868951555079e-01
7.941411869056622108e-02
5.434649568610295800e-01
2.817424615283884437e-01
5.481101578221888593e-01
2.673815360608852165e-01
5.505248171935649415e-01
2.172511166001855620e-01
2.681873802215045677e-01
2.493922923134106462e-01
1.806983654392308458e-01
2.395026621719716087e-01
5.533633967879627580e-01
2.292830963402800459e-01
2.310142224777880227e-01
1.930393523559295610e-01
1.974171759734771048e-01
4.761195761305779817e-01
5.274264703196138715e-01
7.771482866443411852e-02
4.889883853915517609e-01
6.398768208733335294e-01
3.624151274951507018e-01
6.336092457956126189e-01
3.016103733728537906e-01
3.403430069155402582e-01
3.896225195788667328e-01
5.401276839521967910e-01
5.662468623443128735e-01
3.993749014189753588e-01
5.071478891968729252e-01
2.705014146641163686e-01
5.247720304207218467e-01
2.907836946183570692e-01
2.659474861518131283e-01
2.212705658233892203e-01
6.423638282287610912e-02
3.108737350849092862e-01
6.170854992047776211e-01
1.224011748675272043e-01
1.715681906920665245e-01
2.229075789539489427e-01
2.709422543986295118e-01
5.032322215283594469e-01
4.488123743267966592e-01
4.656299947575916476e-01
2.224791111037208724e-01
6.298137367196381398e-01
5.367445068059878421e-01
6.317462188667802847e-01
2.816825215656052483e-01
4.574836592393358714e-01
6.412142669768344794e-01
7.902132366650896356e-02
1.414302316147977856e-01
6.391856174166812843e-02
3.645030395034404291e-01
2.293377226236283928e-01
3.183039207895135836e-01
2.643863726812243908e-01
8.208244431374744909e-02
7.864536417628902321e-01
7.366678581531437287e-01
7.135020027156195876e-01
1.847992435764018726e-01
7.691777503203174327e-01
6.145473282208486349e-02
6.008550964888114132e-01
5.192046567722280459e-01
3.378987514098467093e-01
1.440692512632557876e-01
6.944985089434470016e-01
5.591311136188623632e-01
5.116338498432216886e-01
7.837440241598445101e-02
5.831138965928781559e-01
5.772060539960465197e-01
5.929746832532353240e-01
6.384012415295579057e-01
8.606145906420462066e-02
5.476864035100847961e-01
6.340229981299617679e-01
5.952322392030087173e-01
5.427607290311010635e-01
9.800599458979061818e-02
1.898634762621016214e-01
3.142903528427988258e-01
1.581497330417402924e-01
9.415975277325440429e-02
5.420045558584715151e-01
1.421080590300304869e-01
1.161367068375249723e-01
5.745326188772703624e-01
1.802912038220303437e-01
1.641191670843958894e-01
3.044703228150664742e-01
5.355728639776091704e-01
8.728510160133161333e-02
7.182211636001651911e-01
4.461023199712786658e-02
7.916878950517878266e-01
4.770870061469797418e-01
5.981487744152941266e-01
1.320801403105045235e-01
4.042438062310909630e-01
5.162866767714836547e-01
3.781717612127096784e-01
6.357491339793142071e-01
1.851099175763399607e-01
5.890334462391175752e-01
2.184778795674672536e-01
3.490465799877488506e-01
7.173556341244496926e-02
1.983000583686330143e-01
2.375372521242600787e-01
3.368508455182830374e-01
6.238575557798424764e-01
1.736495889295622819e-01
3.980923582146357331e-01
2.146028336532147529e-01
6.513435823264594748e-02
1.955051542953213928e-01
6.652577358736156965e-01
7.767877027488190311e-01
1.941351308433938716e-01
2.372789584735174873e-01
1.803887200088650777e-01
5.699551676129883671e-01
5.531858085263663405e-01
1.180463395448734104e-01
1.394310114499860975e-01
5.217966767246821069e-01
1.086638911194586221e-01
2.568334955385918050e-01
8.482616358130785905e-02
9.742059582331008549e-02
5.816777008684143047e-01
3.133920968152588138e-01
5.228446907484168849e-01
2.510239103951608652e-01
4.735452026683376614e-01
5.776632505796631678e-01
6.215343715374694877e-01
1.025971625726350422e-01
5.337835911368006281e-01
5.722312289955744369e-01
2.479968511011398924e-02
6.446419438333802487e-01
2.135473233573274010e-01
6.368186188215028132e-01
1.517824612848789056e-01
5.657728112562167011e-01
2.127315108110817976e-01
9.950917192554210866e-02
1.880410498029791155e-01
2.304745757315924126e-01
2.687023352834217449e-01
1.262137405943278834e-01
1.145592586680907188e-01
3.735258740985687720e-02
4.918486478363392478e-01
3.244467164791140501e-01
2.017661431677686412e-01
1.344977483505097049e-01
4.456420904617375278e-02
5.275454394215716158e-01
6.436140177147722241e-01
5.979013954541778642e-01
5.443268530412448403e-01
2.450964005720462358e-01
5.816561047964577957e-01
2.331732692699280685e-01
5.217018794096927037e-01
6.309704720652536958e-01
2.503837586759029010e-01
4.595708334879018003e-02
5.217951476767208607e-01
5.826881427312116113e-01
2.265473371496951605e-01
1.291470987024656847e-01
3.584747129599921700e-01
7.549909351555236792e-02
8.032925108032783201e-02
1.369801254362538467e-01
2.400624333107074238e-01
6.476867413084375080e-01
5.315135999224996910e-01
1.589936218344570884e-01
3.158546617297653958e-01
2.587463777445955238e-01
1.165792208772462313e-01
7.725978135746379705e-01
8.525040062366431859e-02
6.912538091962032727e-01
4.586853197710826224e-01
1.874697898030026066e-01
5.835070323578155360e-01
5.249315246213210884e-01
5.459885847418584071e-01
5.437237576890672219e-01
5.655575822324047097e-01
1.403007678203937458e-01
2.231082309394440688e-01
3.864208489118525769e-01
5.855869617903053381e-01
6.454787364625006463e-01
3.245122636733036581e-01
2.229245149229259759e-01
6.906340045522267879e-01
6.153319649877821984e-01
5.937904557147359874e-01
5.773081125783215972e-01
6.651291836131336677e-01
1.107476902003422803e-01
5.584433755647214559e-01
2.345338327457042737e-01
6.058230802810953275e-01
1.428803206719367891e-01
3.237027361988213947e-01
7.110622862227929941e-01
5.691104788918861512e-01
6.340096546082484297e-01
1.329151016705908961e-01
2.078199682713463003e-01
1.723484350406393473e-01
1.611951564040016438e-01
2.754002918392506882e-01
4.481039240406366475e-01
2.256657721591773247e-01
2.732546359378696388e-01
5.181567657992870446e-01
3.581965853645053821e-01
9.401736123751305851e-02
5.038104138215222516e-01
2.577626931578499425e-01
5.221978553073680640e-01
6.158992743611776399e-01
3.042315334487954992e-01
1.054660778290939793e-01
6.162013794352289020e-01
4.940337241190031481e-01
2.653255306753051213e-01
7.846635059789315303e-01
4.735934032453203990e-01
2.736756556697355625e-01
2.495981946249890004e-01
5.726627528705517944e-01
2.722508889094786277e-01
1.993396095102855092e-01
6.305078857196635411e-01
5.306648976563144160e-01
1.887312488875760863e-01
1.796263831961120161e-01
2.564131749108208291e-01
1.172330970273450790e-01
6.227744668682574369e-01
4.865184225770501358e-01
1.263185914480992877e-01
1.129531149606091966e-01
5.216934310702504574e-01
1.931834206929273767e-01
2.922441828553244692e-02
1.068826983064827402e-01
1.059321935332863396e-01
9.374046588817286363e-02
6.555231724042094310e-01
5.654012636401246628e-01
1.464245825770746912e-01
6.487566386979379818e-01
8.214999153828490830e-02
6.845397456171923301e-01
2.567990224354673723e-01
1.741312755275487845e-01
6.774549741680524484e-01
1.921288801155278114e-01
1.584101159955564331e-01
6.717725870533785004e-01
6.236866751520380170e-01
2.832817345807372433e-01
3.019414069524323230e-01
5.347032227034768104e-01
1.076697796816803721e-01
7.982070125551847806e-01
5.791771760946219372e-01
5.417445036853898443e-01
4.191859615128610272e-01
7.978275918256606813e-02
5.735071903902568824e-01
2.011262707535860783e-01
3.146867100046196741e-01
7.064441752538888619e-02
3.207568465912903899e-01
1.017194060389469273e-01
4.568756812679990453e-01
1.619048972907953243e-01
1.060288739206687730e-01
5.049342306637302213e-01
1.908980832963644569e-01
2.351764421279766148e-01
1.630786457975462733e-01
3.222844955539192480e-01
5.436780785359695001e-01
5.652372539763937942e-01
2.072941315863976453e-01
2.584810710083770835e-01
6.030102852820451442e-02
1.704249149814612285e-01
3.812694504360671921e-01
1.685500210986028979e-01
2.499260955130956363e-01
6.695980005820303393e-01
2.643375733609213962e-01
8.667834407987415335e-02
1.391730986548279647e-01
5.373977498479481918e-02
4.797635716457089861e-01
6.141087853506799199e-01
4.988495814481707646e-01
5.202985708042857649e-01
5.786887157937955356e-02
2.023356750556827288e-01
6.740588648102515679e-01
3.133661857736037004e-01
2.458697789334556849e-01
7.890516680395273097e-01
1.008479391360899702e-01
1.017319276670791972e-01
6.091956937070438505e-01
6.877403435808282506e-01
1.492317944524320650e-01
2.836377686637715501e-01
4.995857375098840536e-01
4.882912094950117576e-01
1.156217933254606173e-01
6.427232293737942248e-01
5.601026942634880212e-01
2.644979045121861883e-01
7.504786243581071936e-01
2.395613074794456787e-01
4.793517474849939841e-01
4.196274897135698900e-01
2.775303312796400523e-01
1.450930115424760580e-01
5.779808487224254998e-01
5.980114425692080182e-01
5.234719411864988681e-01
5.103493789761572863e-01
3.093832730188593727e-01
2.012020031392203201e-01
3.070454698129186921e-01
1.250552212391308482e-01
5.726519718286658955e-01
6.483036255677063764e-01
3.830266196232927356e-02
2.186591150601185640e-01
6.978514794944222499e-02
6.186350298232913547e-02
5.019129468423152302e-02
7.152858550819790606e-01
3.081518137604530860e-01
1.367205539177965001e-01
1.889113468844861865e-01
3.607318158349321346e-01
6.518576601359588052e-01
3.673536959246351263e-02
2.449840542812201927e-01
7.501606087783087018e-01
5.465082012830060343e-01
6.632760365352495802e-01
8.776165453999897059e-02
1.251028598442706086e-01
5.899242278263792105e-01
3.286490228002824088e-01
2.487300316404420508e-01
6.316244638656732802e-01
5.802572198968257711e-01
1.029272125747868194e-01
1.966124333483782183e-01
2.839065429974393928e-01
3.145509642087244151e-01
6.934963437007153342e-01
2.350991642287901806e-01
5.331436944836597247e-01
1.156135342040252312e-01
6.531168944349935446e-01
5.059497219845959792e-01
5.404262019753445223e-01
1.606781603712764961e-01
1.942242306389874995e-01
1.646883562897785702e-01
3.087919465555291065e-01
5.138039952358182116e-01
3.801042893991857796e-01
7.246546901921102624e-02
6.396190619596895388e-01
4.992345176375875271e-01
6.091481310379279757e-01
1.208302438320541516e-01
2.900560967273593804e-01
2.322230239095080528e-01
5.870605991600053031e-01
2.776121923469703767e-01
6.746693297459790406e-01
1.799579355596197805e-01
7.207024912164688990e-01
2.695446394775454224e-01
5.410119135473587942e-02
8.528075015182502439e-01
5.153450327496443828e-01
2.229729357095184827e-01
6.398078455606694970e-01
4.971841782589362935e-01
5.455987930052028645e-01
1.466120576483474491e-01
1.921123773627486098e-01
6.201367825672775558e-01
5.297161728618720034e-01
8.488910301202517994e-02
1.032514344019876545e-01
5.021512965934838979e-01
5.754271118448690547e-01
3.410817098921004042e-01
4.652205491176676991e-03
5.281752279353646440e-01
5.883381175542432562e-01
2.305608959339231490e-01
2.195540133266297711e-01
2.630220757653806696e-01
1.582820676394490755e-01
5.347735849118300244e-01
1.591280827659670993e-01
2.104720172008965051e-01
2.312843219121261396e-01
2.240253267869913578e-01
6.336260540729498070e-01
2.600191616977435283e-01
2.104678845129532294e-01
6.362845553502415041e-02
2.472867787758655789e-01
2.012957070958577011e-01
3.542884246554655614e-01
6.349780057358711538e-01
2.405447018128093750e-01
1.708776244699021785e-01
1.974050864811933148e-01
8.053055340410147922e-02
6.008839475763785298e-01
1.898606726441340875e-01
1.732197512161727515e-01
4.718599247223624893e-01
6.354953059898624801e-01
5.717140572742860360e-01
1.740849258039618014e-02
6.385987980406716558e-01
1.556371163324391793e-01
5.758872130835230863e-01
1.012534577904396216e-01
5.326967158927735646e-01
1.966784704763441805e-01
8.297085070535936691e-02
6.218262263991491956e-01
7.127255752574200853e-01
7.921250966488364853e-02
1.137765214427902960e-01
6.503630375717707190e-01
5.203721101321544529e-01
6.738342371702157330e-01
6.595006753363336083e-01
6.237781496370483625e-01
3.659980194535376874e-02
7.839650247979413900e-01
1.291419213755926609e-01
1.021914345995377088e-01
9.179162116147457362e-02
2.102542907706736186e-01
4.844384651421742571e-01
6.089089726997576335e-01
3.098475400549762226e-01
5.827002144330988287e-01
7.665447006120227336e-01
5.034862763323200152e-01
5.594028855581733017e-01
2.905576693241317399e-01
5.482429150442390542e-01
1.188355044319576448e-01
5.384843536044250367e-01
6.976051044739786100e-01
6.627454967540481745e-02
4.853169121943611830e-01
2.074557860892842220e-01
4.732339021786225453e-01
4.676844658064658877e-01
6.291106286144975135e-01
2.299628362566297213e-01
2.589415117472408934e-01
5.326301018733493597e-01
6.568386906855591678e-02
8.995107694697930534e-02
5.843917113036347644e-01
6.676651420056478603e-01
2.553386810010164765e-01
5.582734106137414720e-01
1.342288430490454210e-01
8.360108138652766474e-02
3.053072695724055041e-01
9.928759199031449156e-02
2.818171519640605416e-01
6.144615676338266441e-01
1.314907213957506593e-01
8.938776458991501417e-02
5.071697960731325061e-01
4.832790840061922943e-01
3.537727899816766608e-01
5.430503607169075153e-02
5.311625520710261394e-01
2.456519432736437025e-01
5.284810452415983351e-01
5.339654599631500353e-01
6.071168852303362451e-01
1.458398377533038914e-01
4.804173699719236357e-01
4.675901747210831072e-01
5.905893058288288477e-01
4.605222214842216721e-01
3.067340783287813011e-01
4.980716045831618533e-01
6.268576050850918069e-01
4.979665381757668596e-01
9.222508305911904236e-02
6.518828162236672830e-02
5.229514787893783101e-01
3.116003745207132081e-01
5.986637453943491893e-01
3.181436353417578244e-01
2.919542971099435835e-01
7.229953212693129849e-01
5.522961835808574138e-01
7.679610255516546025e-02
2.523128716973767616e-01
2.236836888565719439e-01
1.806434760820503915e-01
1.245863550642025974e-01
5.690454144295303829e-01
8.429831008963059591e-02
2.047347291663798585e-01
5.378876742446893067e-01
2.783759127570551439e-01
2.687037024401129903e-01
5.287651199445854155e-01
5.033660313613513848e-01
2.345349954091492939e-01
1.758892448509355166e-01
3.393549797593443662e-01
5.817126938395110747e-01
3.592203042655726930e-02
6.092856828325333707e-01
6.933948949857859922e-02
1.233224549210213961e-01
3.544379528732051199e-01
2.560130268401188958e-01
2.978921245546702762e-02
1.079323682470906265e-01
3.491353414084914092e-02
6.049804381646000095e-01
5.046504738399448797e-01
1.588280052055256186e-01
2.484522157314856539e-01
5.198375418561133054e-01
1.994957606266287431e-01
1.128752863941446943e-01
7.133436976437594890e-01
5.299266144519566152e-02
5.233491047810324703e-01
1.458636509310710927e-01
6.134715483499517674e-01
2.446426798098393363e-01
2.584410362128785610e-01
2.082678139030591791e-01
7.982733986536939552e-01
1.836029800098026854e-01
3.014196036141877366e-01
1.247559514344369763e-01
7.590358208764499959e-02
2.182157187183920710e-01
5.732601056085894209e-01
1.053262542315347300e-01
5.284640478144013442e-02
1.191151058951484820e-01
2.725575735793477339e-01
4.222022945601046628e-01
6.403535474966410845e-01
6.384735855723303599e-01
1.757638529058923593e-01
1.098035393153157513e-01
1.802971179271019297e-01
2.201215397833133081e-01
3.522073017564986697e-01
2.995178018929292585e-01
2.326156182175667664e-01
4.933035136106397878e-01
2.073221196986758941e-01
4.590774913023286108e-01
5.397733405969243892e-01
6.354166457209857732e-01
2.037815472998670274e-01
6.274359752755197528e-01
3.298499439395038979e-01
2.039264015954158349e-01
1.545155050652062823e-01
6.223947272648104878e-01
2.052485450230472908e-01
2.299060947581577086e-01
3.237837727659471920e-02
5.560135593141595223e-01
3.289767077910427662e-01
2.440424848430982063e-01
3.942227944286083030e-01
3.039636639821889363e-01
1.379619333472118514e-01
2.680976106853358853e-01
3.464896870497599091e-01
5.422680271145919884e-01
6.635477498401898266e-01
9.561107453587493199e-02
3.501622033097235298e-01
3.656148332098928533e-01
4.176728057474823341e-01
1.533879152119355938e-01
5.836401520494366446e-01
5.715054352000417115e-01
5.621104736116805389e-01
4.852298266108810432e-01
9.757299408803962737e-02
5.481014761462531526e-01
4.975419698314450523e-01
5.895361265918452887e-02
2.190013377259098504e-01
4.054702783874727934e-01
8.153527113266174908e-02
1.696582711568460911e-01
5.845820841187385902e-02
9.822524964125968483e-02
5.144194213678893179e-01
6.596619515310495618e-01
5.859213910490788102e-01
4.930939974893013278e-01
4.922830144505623284e-01
2.383509034972578974e-02
7.728575035530499404e-01
2.727127740833060199e-01
6.382438146765974096e-01
2.381614731182138955e-01
2.470557167848582147e-01
5.072097215379033353e-01
5.708635818692259223e-01
7.460681742937069760e-02
3.834471952089928970e-01
4.835355012725010004e-01
2.218010958839259847e-02
8.016625912064687109e-02
2.010327188112004948e-01
1.529934050388240263e-01
1.872796108151970895e-01
3.390862246532482249e-01
8.488323158642036015e-02
6.116504798596417158e-01
2.332928974953469292e-01
6.575347495293459854e-02
5.933027893622962179e-02
6.455966085026471069e-01
5.675686776200957739e-01
5.705574693933631591e-01
6.211702210320577677e-01
5.794484451821021453e-01
5.382145832924927625e-02
5.697710433037992406e-01
7.339348359484734186e-01
5.080146846582330733e-01
4.059155850623216710e-02
1.002142423502522389e-01
3.342852849417897731e-01
4.921810459643857216e-01
3.086409236327340433e-01
8.074552967260746617e-02
2.302536858314398471e-01
5.953496653888549206e-01
2.554020110396084120e-01
2.331596198109157636e-01
2.070223320684214385e-01
3.194641555561042456e-01
1.121580028274169194e-01
1.134490106309466728e-01
2.590487147301722137e-01
3.124928371834301832e-01
1.559686049993784240e-01
1.875881792864482478e-01
5.950059430615821654e-01
4.804898339504236060e-01
3.797296824497142786e-01
1.420090276414249786e-01
2.322278494015077854e-01
5.824979291508660673e-01
1.959563082986489069e-01
1.695515037327234575e-01
2.064935990968331248e-01
4.972828067319685630e-01
1.622351326328677068e-01
7.486775301302330821e-01
9.040482753071375777e-02
2.019444614563171703e-01
6.847573135981444015e-01
5.387982068414105541e-01
6.514222708643285786e-01
8.322890249465260404e-02
7.520415533881714687e-01
1.503422604415201314e-01
1.588091291222597512e-01
1.471545054627655391e-01
1.164701988872432481e-01
5.548074502750623971e-01
2.197947291706042749e-01
6.717181426932090638e-01
2.593889886251434795e-01
6.245304530771164098e-01
5.945076647315894469e-01
9.029602168802638995e-02
3.911495990987429727e-01
1.562645335094378640e-01
4.639019981238740042e-01
5.390556165463163962e-01
1.955966388664231725e-01
2.566223175951943269e-01
2.602229747251557646e-01
1.784466206711381175e-01
6.551483196950753929e-02
6.862751560832839326e-01
7.835436821417369746e-01
5.864294496632677101e-01
1.588230607710531817e-01
1.100873029349360571e-01
7.850266622648491288e-02
5.348640104527545569e-01
2.716838458815451496e-01
7.328933990668955456e-01
1.855525940206521063e-01
5.360405813328864566e-01
8.771230759183276660e-02
6.521840248916656313e-02
1.141849882494323926e-01
6.231902743992383531e-01
8.986282370388670726e-02
1.696739079705504860e-01
1.969901831487502752e-01
6.748747167011955872e-01
2.499985301297056872e-01
5.839685190481984645e-01
1.387080953078383416e-01
5.069920524681600371e-01
6.532164846239306710e-01
2.282881649968944993e-01
4.165937598727138813e-02
1.015622899356495579e-01
6.842184487119873371e-01
4.750499593136234822e-01
1.640071884761466481e-01
3.878178094048961855e-02
1.120224224156249893e-01
2.247812572724593172e-01
2.431360769299748537e-01
3.241181203248423293e-01
2.133738055841374326e-01
5.183747618575977878e-01
1.716457717557955120e-01
4.896095992241684125e-01
1.712779988253046448e-01
5.854295101980258598e-02
3.310351681034979787e-01
3.036603414936433487e-01
6.564659167428372744e-01
1.212951293104062855e-01
2.532503418600893785e-01
5.856642733874244389e-01
3.991319260210069997e-01
