6.584401639175539722e-02
2.453340025392984347e-01
1.813869531657980594e-01
1.990229289512563185e-02
8.934022625159114550e-02
5.681986304725937520e-02
1.505767826182031754e-01
9.175668616538229863e-03
5.913248109456628598e-02
1.729910301561544128e-01
3.659348708035259357e-02
1.320630851677414008e-01
1.395087488992271807e-01
1.744032800799517335e-01
2.425190899283881096e-01
7.899849861419173946e-02
5.746191845126996656e-02
3.708394789310712203e-02
6.519907334147942990e-01
1.119910230318669209e-01
7.420321163038716417e-02
4.726406597192099879e-01
1.223277292967319026e-02
1.116085500641350939e-02
4.984632255044673665e-01
1.459210820167680667e-01
1.193803099522678518e-01
5.916006283006439159e-02
1.615010855839160014e-02
1.522123585354297551e-02
2.033753247877896075e-01
2.012606922314739977e-02
3.012466050710845694e-02
7.272305225710433418e-02
4.989221878472239191e-01
5.964989218905186741e-01
7.419751449406541965e-02
1.558304639800912883e-02
8.426039395928230924e-03
2.113719888657999979e-01
5.041588246445078969e-01
4.749277388853323512e-01
4.475500027000327563e-01
8.842392867346084151e-02
8.797502272681334556e-02
9.749176245520119188e-02
1.579032240610674445e-02
2.323977098496066152e-02
1.124946181180653954e-01
4.680811874294545788e-02
8.371624155873531870e-02
4.824031076204478297e-02
1.144818396930961657e-01
4.262298958711320807e-01
1.487953268401545626e-02
3.610979487419285761e-02
4.350209404896554499e-01
8.218113937190768548e-02
1.775430354438979619e-01
4.522567422320994956e-01
1.244853119724006162e-02
7.574196193317297987e-03
2.103734593044435247e-02
5.163092720766330190e-01
9.103249015951005163e-03
6.492591469470901377e-02
1.861011109197557162e-02
6.299947512538149608e-02
5.529247717954478558e-01
5.380763713708510698e-01
4.745751150362718662e-01
3.200733408081668507e-02
2.224960106271721069e-02
4.850710781161535201e-02
4.395541337101032536e-02
7.271272507746077453e-03
1.076118992416154052e-01
1.039859514903842402e-01
5.187450273475335827e-01
2.048715892216606549e-01
4.466026188239795580e-01
6.404271451748316801e-02
1.075507188553853494e-01
1.605858760500400995e-01
2.908416111041025598e-01
8.273263495819100505e-03
8.308269361467979230e-02
4.952181843873407208e-01
5.380080266199133154e-01
2.578183366069924237e-02
5.066172382401411961e-02
2.764667781315791398e-02
1.233920819993122517e-02
2.212643167472798031e-02
2.434754721723544207e-02
5.439564186461867679e-02
5.727134671186741299e-02
7.879059936643917350e-02
4.425064713578193976e-01
7.795098451122165970e-03
6.402589952307809196e-02
5.253820956780260731e-01
3.030493197123565116e-02
1.663975741427737784e-02
6.438655635917941433e-01
1.089271198821093883e-01
2.278916129686598541e-02
7.878871438955203921e-02
4.930516027698582104e-01
5.029560109137927448e-02
4.683179152503800236e-01
2.535776990497763672e-02
4.803465281609178295e-01
4.177948250100489008e-02
8.132046987346043532e-02
4.952275771642727920e-01
1.025310066203615270e-02
6.734810766679887040e-02
4.854875423358476216e-01
4.412759240988035625e-01
1.161991697798869377e-01
6.021567076862904822e-02
4.990631623317738630e-02
1.069171768402901214e-02
1.312018248253455505e-02
5.119843423318876097e-01
9.295758397141232199e-02
4.482375924558021363e-02
6.591602966613632764e-02
4.685743396851925757e-01
5.732828158681414488e-01
5.490614214393159387e-02
4.561309046791858779e-02
4.774366271708654352e-01
1.551334657849018708e-02
5.915507579100339752e-01
5.308511760153950682e-02
7.004394035521385731e-02
1.102127800336276039e-02
5.724161680027250315e-02
6.464620704358142907e-03
4.922690792382729552e-01
1.677532015575698351e-02
7.686944360331174342e-02
5.102902138421299555e-02
4.645108309242680922e-01
7.491486987459564095e-02
5.327619247869824770e-01
3.448657188668326906e-02
9.260745929729713444e-02
2.391066238133947308e-02
4.275995785403394200e-01
1.828314154321519780e-02
2.276449890275401844e-02
2.885240145240969972e-02
5.907237718787457237e-02
5.093790142521494035e-02
5.529244678942853153e-02
6.438656193615148286e-03
4.390661747873135790e-01
7.716966268116591879e-03
5.545564430120388313e-03
3.494619375390644461e-02
3.323233677376016826e-02
6.495557825411846231e-02
1.284606506055208930e-01
4.542927162811501440e-01
3.555724068114143183e-02
4.605428884992652794e-01
1.073921389884030242e-01
1.500048689513471534e-01
5.036445498155723843e-01
4.794367490705779555e-02
1.546744561931927969e-02
1.011554488932732768e-02
5.717710005772414644e-02
1.427554364181130575e-01
1.342728202036042560e-02
6.378854948336286357e-02
8.750282935972938936e-02
4.345847129728060421e-01
4.629833693527574678e-01
4.495652908170227335e-01
7.800343807482910952e-02
3.073916649985803176e-02
4.740568137630810641e-01
5.913198173362967103e-02
4.884836328544055473e-01
2.110249328436783478e-01
1.307664561968319705e-01
5.873651760905816005e-02
2.169455535189230844e-01
2.212962047164295301e-02
4.558717653443888906e-02
4.773482090442777714e-01
5.121967310772388426e-01
5.898660533191684568e-02
8.857838261919454004e-02
6.219607623361668447e-02
5.835632385942048084e-02
1.212848199465815617e-02
5.697526849207186495e-02
2.996817795526576789e-02
2.271511404400564649e-01
2.960516642372064671e-03
4.687930061867450621e-02
4.925018393302086905e-01
5.278155113500358764e-02
5.370146675584797080e-01
4.477403236683273335e-01
6.254711763088154353e-01
1.369587191559888673e-01
1.031663265813513308e-01
1.110342042640534155e-01
4.401538685406139809e-03
8.689791174699143528e-02
5.244331528001828779e-01
2.250058330625065439e-02
3.924464419820677952e-02
1.106417317552357664e-02
6.234466097467881995e-02
8.667074106624769736e-02
1.686967032388188292e-02
4.419027946818170072e-02
4.261279660753637955e-01
1.455479683851973460e-01
4.693833992599087401e-01
1.334650584983125554e-01
1.402863189820053869e-01
5.717917503166924931e-01
1.454282645046136302e-01
2.756094474429488655e-02
6.303060303000787568e-02
4.266984862837287090e-02
3.701309102186511185e-02
4.622531311730224135e-02
6.532907361308871730e-01
2.564474022182878371e-02
8.555947470621666495e-02
1.470445965858818704e-02
4.807502549801759839e-01
1.903231194455164837e-02
2.241929799678619994e-02
1.474429889604797483e-01
8.124313117950446306e-02
9.195214876723048492e-02
6.084542743224380379e-02
1.640545847546261843e-02
2.892868116182326782e-02
6.666875897437912757e-02
2.183192111800747598e-02
2.113876837174044707e-03
1.473421983534012880e-01
7.072341993492220480e-02
5.048179215250595681e-02
1.037141815744428014e-01
1.572677988377749192e-02
5.266417392148641241e-01
1.128718649844731858e-01
5.577128376518469821e-01
1.476126908011843666e-02
2.899541858554318674e-01
1.964213074772456213e-01
5.158857597947339446e-01
1.997889914111423137e-01
9.741440881530498419e-03
1.673193527741551750e-02
2.437482063850590075e-01
4.287706242144976865e-01
4.490924188435205244e-01
1.612782632879278810e-01
5.073167880430116128e-01
6.459852528932753524e-01
2.416563084759174029e-02
2.274858063227518656e-01
5.325933819093698895e-01
1.123174638161246464e-01
4.595643487449536241e-02
8.002872577464509307e-02
2.206711926380968899e-02
5.542028035465739189e-01
1.277265426171554814e-02
9.215106648113449012e-03
5.064772710103575271e-02
7.352080130671337886e-03
7.645380102554647297e-03
4.605985469089665663e-01
5.647533981611796428e-02
1.017566972462317088e-01
4.214891120870531416e-02
4.960823053629117019e-01
2.567007002932506984e-02
4.958242483684058843e-01
1.538465495701494823e-01
1.004162935354590003e-01
2.054411537568675769e-02
2.622509163473502741e-02
2.986168320302300117e-02
1.648993748535101597e-02
1.265680052233498221e-01
4.553519669574966899e-01
4.844391438268388361e-01
1.121370131582301866e-01
2.115048807206688919e-02
5.056693397564464565e-01
4.480948176431405749e-01
2.625218409621550564e-02
5.235337136782031164e-02
9.780268442916280336e-02
1.216314769621471420e-01
2.226861950614295732e-02
5.469318739682667296e-02
1.714853497041984309e-01
8.124889389126881481e-03
2.341460733423324572e-02
5.370271152872187204e-02
6.562498716934839129e-04
2.859086258226040816e-02
2.103994531398883233e-02
2.512196753935625262e-02
5.775374851771900020e-02
2.120291116320897548e-02
1.991693622673271213e-02
6.998477001096543859e-02
1.345499414334584698e-01
1.374193690992248085e-01
1.821845998798763133e-01
6.732464249382725807e-01
4.390046227608420115e-01
2.043402232016338846e-02
5.826541054925661600e-02
4.365628278328498868e-01
9.997944767628988427e-02
7.137344237180950901e-02
4.322139075866610058e-02
1.491140674604419514e-01
1.074741561653526876e-02
6.349575174836290248e-02
5.401616450951531034e-02
6.157754138769604840e-03
8.045633901086385320e-02
6.431831878885932441e-02
5.018590633101045750e-02
1.535034527975552565e-01
1.068857363123306564e-01
6.392223801118437909e-02
4.708297001939359405e-01
9.017502977266796116e-02
4.456875299965828430e-01
1.561291229411705950e-01
3.908530519005102427e-02
5.451473675916218564e-01
7.642193683091674794e-02
4.865376180516071264e-02
2.146880856549960442e-02
5.798628977079889335e-02
4.349578825693236617e-01
4.439613167940137384e-01
3.205402757934448094e-02
4.382688343552746529e-02
2.136176495223502531e-02
4.678530167025207742e-02
1.263411575579114487e-01
2.303733302651415557e-02
1.003652904844090643e-02
4.503943321690623627e-03
1.410122949473474954e-02
4.814619371925725200e-01
4.719284683477444065e-02
5.367899694483423828e-02
5.088795589418891596e-02
1.250136218763521490e-01
4.354266118032728006e-01
9.081146521565798546e-02
2.357788926877645713e-02
9.814872758434409206e-02
5.693731968313998915e-02
2.544791154614118797e-02
2.880462096046177561e-02
4.469788662957487335e-01
4.685945551728395997e-01
2.134408714836267401e-02
2.366613236320792499e-02
6.068860074078831490e-02
4.925924789542733551e-02
6.482886905790757881e-01
1.656173176969321509e-02
3.071494804371659171e-02
8.543234418549330855e-02
5.906455054660333381e-01
1.011906454299670854e-01
8.753236967993244244e-02
2.758399629642305922e-02
4.884471917054398760e-01
6.007613400854264901e-02
8.446970771891612606e-02
6.792390128471288702e-02
5.047246606282227432e-01
4.755052244257091387e-01
2.587464661310358294e-02
2.603966709101143695e-02
1.172695376602764378e-01
6.227364423505657443e-02
4.397102219614394958e-01
3.652803730829838613e-02
4.794034397543224524e-02
5.676458909778606121e-02
8.334644486252418272e-02
4.899426227696327962e-01
1.231584145287213106e-01
1.353571698789355349e-01
5.131520597263378169e-01
5.388079566983551560e-02
6.637523644859671945e-02
2.363981057829302179e-02
1.967706652058390238e-01
7.807039069123584453e-03
6.546027233265036549e-02
5.157239408970154537e-02
5.924026643913368195e-01
5.240413474368948304e-02
6.857702448001844198e-02
1.232078542392175124e-01
4.974870109125177908e-01
4.862188110465810731e-02
1.414992570881663976e-02
1.143289163856743701e-01
2.361573337460256845e-03
5.625199351357174082e-02
4.948621024903515631e-01
1.527950531443281190e-02
4.993612066542832961e-01
5.433737023539368660e-02
1.093106619161267334e-01
4.752457106700234135e-01
8.252985408257863809e-02
3.426245295650954398e-02
4.283143176005100444e-02
4.527614320563320138e-01
2.321307594821004142e-02
1.229599133381989451e-01
1.045606908036394722e-01
1.178551618946204194e-01
5.087917929650950244e-01
1.144428527687475494e-01
1.085573523264487250e-01
5.161153229176057566e-02
4.134661075249523865e-02
5.461575735983431081e-03
4.840874039970473608e-01
5.053593470210916427e-01
1.878427375392029489e-02
1.318506561111646158e-01
4.336727330767555649e-02
4.784841034966066942e-01
2.785648662845288670e-02
3.034001928501681503e-02
4.822564922575438562e-01
4.475017570848716653e-01
9.026772397469595699e-02
8.164039420513391487e-02
5.098061897461635128e-02
5.562239637490742350e-01
1.206814096933399305e-02
5.582584322453709724e-02
4.316720829354457334e-01
4.754330391197201799e-01
2.785496973052018280e-02
4.837589997080996018e-01
4.532955133036303819e-01
1.673868101942304005e-03
4.802292509341899995e-01
1.396059121318924123e-01
2.388086023387880064e-01
5.137164180725439788e-02
8.069484401407120422e-02
1.935977877197559566e-02
1.336153482972430306e-01
6.825063886085072640e-02
3.479000635494047811e-02
2.799431055754695447e-02
7.712613653259191293e-02
6.635113782426421691e-02
2.339068270287602003e-01
8.335360727018073512e-02
3.202939057777438175e-02
4.695151165533112403e-01
5.161876077148663811e-01
5.850675940605245540e-01
4.708133256449417714e-01
7.765198085940314826e-03
3.823775333325815651e-02
5.090592324021928072e-02
1.681476776387786087e-01
1.350527401096906499e-01
4.256345356971266702e-01
1.516234196955807204e-02
1.469728109114606940e-02
5.301990182256167694e-01
5.589757746186462262e-01
1.877518144573662728e-01
1.716794300893390718e-03
4.696596676724842934e-01
1.358020181271822058e-01
3.432935311690610974e-02
2.199225844572389454e-01
5.130095238629235610e-02
6.653749127473285174e-02
4.343215725000513228e-01
5.809146741778607737e-02
4.724914045416168419e-03
2.832898119009209098e-02
8.733163060537557643e-02
1.295756565160875035e-02
2.233415020459834921e-02
1.803587753834199892e-01
5.906161739046324188e-02
6.372287450057864677e-02
5.001752393083341852e-01
1.605681348455405971e-02
2.623656817329380053e-01
2.252085238114994170e-01
5.606653151685745406e-01
1.054952230242749422e-01
1.237347283593786540e-01
4.959640426884745490e-01
4.469578072674298963e-01
4.861859401641898670e-01
1.837481614851210754e-02
1.180263789278701916e-02
5.429917365947488639e-01
4.769411137386789790e-01
4.464499891904354367e-01
1.985445164395513787e-02
4.621388340174094334e-02
5.683955937025836347e-02
2.157753492639069917e-02
4.683233614563245273e-01
6.527785616469011787e-02
2.061729306894821354e-02
1.044005035226714950e-01
4.390141442836864583e-02
4.247724340264212584e-02
7.116508417633378436e-02
5.203557505796053972e-02
2.229738455966842614e-02
1.369290790640375621e-01
5.718942556890140722e-02
4.772437980732721630e-01
4.847509545390130820e-02
4.316674109859872654e-01
1.832781115572896802e-01
2.817630387998072972e-01
2.190154380852777638e-01
2.944493524924115396e-02
6.474566052449122200e-01
5.081815465657822939e-01
5.024671235803793712e-01
5.882632250477887181e-03
4.347527820929463216e-01
4.645820234824872552e-02
4.763253359906016171e-01
8.000731629645588261e-02
1.530944696539742744e-01
6.284863388874034444e-03
3.560785647065794340e-02
4.750887945970810322e-01
1.069223073174396452e-02
1.469037180276832610e-01
4.672784965844090643e-01
1.753490147874613853e-02
5.492483558622354711e-02
1.888297621671186644e-02
6.947158664989849797e-02
1.907816734495115449e-02
7.142331000319838974e-02
6.667223224445850693e-02
4.851389042392246775e-01
4.644661459104965084e-01
4.415137616898411332e-01
5.575378176952728443e-02
1.018014972809989580e-02
4.408254207926519674e-01
8.281277557461615146e-03
2.453489696871374859e-01
1.843285273082100051e-02
1.824126037720222998e-02
1.537552856382419508e-02
2.370938403384514892e-02
1.162390483990886382e-02
6.601244197178807172e-02
1.383143941468705472e-02
6.650680010307661316e-01
7.986478572601835024e-02
5.934015683629451088e-02
5.317459518108956507e-02
4.208769162916613238e-02
4.782911003718301468e-01
7.500248801165754209e-02
4.810732766368780444e-02
1.588541792030687405e-01
8.746052449806816786e-02
4.447251214423255522e-02
4.414740569916762447e-01
8.174393547456325348e-02
9.426632980043701815e-02
1.739273542324821231e-01
5.273023615683485738e-02
1.343781864202963326e-02
5.806455526962296665e-02
2.106772617208559767e-02
2.814772447890369345e-02
1.198174399699875048e-01
4.687480087969372877e-01
5.644917789074253844e-02
6.625464815836598631e-02
9.019295654157780118e-02
5.236725371791278727e-02
1.281099018482177165e-01
6.193907506754962877e-02
5.851557190812515241e-01
8.208582741501520633e-03
4.474787211314674717e-01
1.692304152687729851e-02
4.307766667701796170e-01
3.499706515412411966e-03
1.888620652821715665e-02
1.405946086242029769e-01
1.409007458717584926e-01
2.106476254896850198e-01
4.352324625968183591e-01
7.352291320758654047e-02
5.428687280669580034e-02
4.830355792610814825e-01
5.992491267809199051e-01
8.501428995709197495e-03
5.469896538069431158e-02
4.901219272417597916e-01
8.038049191604478005e-02
4.348673488573865376e-01
2.771174969144252209e-02
8.515913405408649314e-03
5.116259585644847840e-01
4.557186865297373490e-01
2.622285078917787129e-02
9.605203122846978775e-03
1.246148951761440610e-01
6.044934115384483636e-02
2.014567028199139992e-02
5.540403240495909987e-02
1.015589977031903721e-02
4.561387471460986442e-01
4.860752838782099738e-01
4.580712060966914134e-02
4.444072786858015434e-01
2.298306734209312752e-02
1.641299276324584278e-02
4.606893728773960861e-01
6.022503131260561471e-01
5.102257883477476913e-02
5.332745878033522402e-01
5.625952877695739041e-01
2.440306702208608347e-02
3.102680778498622879e-02
9.215476895108225264e-02
2.216641103370839416e-01
1.044791771059120911e-01
1.233453757228974157e-01
1.792820856564696919e-01
1.455764706799710928e-01
6.476643546019367204e-02
2.277040306571837536e-01
4.507804572912321173e-01
5.497306995162514198e-01
9.542194405388948475e-02
1.351775925785132504e-01
4.305731291696465179e-01
4.921175007171257887e-01
8.827031401430937563e-02
2.337619853093205607e-02
5.075871240804329110e-02
4.760090462977681347e-01
6.831043648649061384e-02
4.607017524477273474e-02
6.165551619518237769e-02
7.025447620565614115e-02
4.412757861133218551e-01
9.434078272698938339e-02
3.694883169666911965e-02
9.776864663968844876e-03
9.532581652855638688e-02
5.116323261011594681e-02
2.246771329574892909e-02
4.440103005672103587e-01
5.144114557758243667e-01
7.587691897436203703e-02
4.295328396588531106e-02
6.693090083367579657e-02
4.862944487671311822e-01
1.579062061799002548e-02
7.815762009739915528e-02
4.735456576937454587e-01
9.922087778368584438e-03
4.639697521581864770e-01
4.965156612039176021e-02
1.627466361479202456e-02
5.282313151848047061e-01
7.255069324885927463e-04
9.216409738607171664e-02
5.240146355925603405e-01
2.843737530490185461e-02
5.528849323080325950e-01
5.161877956768585740e-01
5.090100671533557275e-01
5.121735677513717944e-01
1.060188501040059406e-01
2.410837410071914322e-02
4.752498289137524479e-01
9.231680125799446301e-02
2.973963800744853017e-02
4.428547657986909858e-01
5.389018540646493133e-02
2.298544585827518028e-02
6.070702080033277270e-02
5.221144181856039387e-03
2.368157572472120442e-01
2.638322707188104493e-02
5.577551756263233740e-01
5.191876164583307529e-02
2.822846984095356282e-02
3.279760631239688612e-02
4.919222504387774086e-01
5.542119599394802060e-02
8.496534525302228830e-03
5.276660577404075625e-02
4.774506133513805456e-02
8.994546889509640042e-02
4.346474227266535761e-01
5.138456037977942037e-01
3.921266651368890410e-02
8.136195016007762015e-02
2.564808501763814891e-02
1.201420127181011682e-01
2.569070616489474088e-02
2.618257812949471158e-02
1.052538093335935454e-01
2.663158746537641064e-01
5.078635833729622240e-01
9.045464091725349820e-02
7.218288492333210793e-02
2.262271938322403808e-01
4.683342866658478654e-01
3.165798790426226691e-03
1.673249235476676616e-02
1.799252739616758259e-02
4.705058027222155936e-01
1.732213223132089697e-02
1.615825038282207859e-01
7.865461228877136668e-02
1.631237398883458312e-01
4.574525428561194706e-01
4.697023773721351603e-01
4.722256589872508847e-02
1.211490787882236464e-01
5.259402128333464654e-01
8.447794349484674670e-02
5.689152262424792411e-02
3.788620956697610204e-02
1.896636774415358939e-01
7.144198258791517597e-02
6.426219506806665760e-02
1.539968668730324342e-01
2.793704149527429653e-02
2.085627913775421616e-02
3.628405724319549303e-02
9.504211743765536569e-02
2.238253136165386376e-02
1.879084293634175062e-01
1.775399027178443112e-01
4.739701038137822398e-02
9.857803572122451896e-02
4.319195957930594409e-01
4.487562901904624257e-01
9.981110671741118961e-03
1.677608484382609941e-02
2.165610960928525952e-01
6.966175177876969549e-02
5.998894423073940496e-01
6.685613427185153057e-01
9.067970549662204838e-02
1.020171055307409619e-01
1.504240989545377154e-02
3.653647949534366557e-02
5.571974697026924050e-02
2.684982964511931774e-02
6.290010943876983562e-02
4.333839144492961787e-02
6.317316368259739967e-02
5.073765291107546621e-02
4.168728923291231681e-02
5.051944340520998500e-01
6.677815305590280304e-02
4.660190342994217083e-01
1.187463474924514983e-01
4.403698257004927397e-02
6.176709936138481682e-02
4.733352903732038208e-02
4.759357494294716440e-01
4.606313126145440418e-01
1.415069214594115443e-01
6.313689924489068739e-02
1.267649015690703318e-01
9.506460362547186627e-02
2.166509437131113047e-01
2.127165407688605958e-01
4.513251372286732066e-02
2.165445387540023692e-01
1.322555153512988690e-01
4.513952600229158563e-01
5.173109741959096286e-02
2.481931279026685505e-02
4.811145544873732804e-01
1.974204069088428617e-02
1.097554017485132538e-01
1.727219258159555237e-01
4.248046530170188073e-02
4.898875706532451052e-02
1.505715090647880283e-01
6.916241808907677702e-02
2.310377808754491280e-01
1.465046137545393534e-01
5.022063240855783040e-01
1.984404542870107369e-01
4.299167540418857847e-01
6.891462499933745378e-02
3.650810457135394982e-02
1.087748854172624902e-01
2.477791396961578213e-02
4.676616585684124638e-01
4.911237482316168079e-01
1.559570129532143190e-01
2.088653792733425121e-02
4.599051717349903479e-01
5.376758691802378809e-02
5.018039798763103410e-02
1.689768999751693410e-02
4.044322059534535135e-02
7.607990990880825199e-02
6.403108095890572282e-02
1.180368099080262266e-02
4.432286736366604640e-01
3.804545448099762306e-02
1.447986706034885829e-01
2.376465291703718230e-01
1.328614911390402220e-01
4.680526273997405728e-01
4.966856830105814691e-01
5.971425995433530393e-02
1.143544248723883661e-01
4.243944780258640526e-02
6.844746467119812161e-01
4.724479135091100290e-02
5.168330126637828981e-01
6.813387588182506782e-02
9.635622504878110783e-02
1.287545845005826084e-02
4.875470239472998873e-02
7.062796041134145053e-02
5.955597533855503389e-01
7.832362940938311646e-02
7.123620005428471513e-02
1.075854296727762893e-01
4.714702998934316991e-01
4.912772790958169766e-01
5.160381501160071077e-02
6.702838287564030217e-01
1.649642298944502955e-02
2.480827617535388135e-02
5.336372479417179626e-01
7.181763613254011670e-03
4.335687752487646929e-01
1.026730600623043388e-01
8.197057304421209722e-02
2.397579481739934293e-01
1.639596475464986242e-02
2.887161355061593215e-02
3.528181626666909015e-02
2.855715827530302259e-02
4.445384611464857638e-01
7.283529812933592362e-02
4.730499309121469209e-01
5.019873022518491767e-01
1.589357394570676749e-02
2.221988971230101986e-02
4.359752928447319653e-01
2.040970173392180065e-02
6.401103209118325088e-02
1.121600420940723278e-02
2.317046098769384721e-01
1.078909508676313342e-02
1.292203323007322900e-02
2.402755938568186256e-01
5.145198633593927040e-01
8.001174971928108615e-02
1.336059209748580445e-01
2.616567861799715122e-01
5.418429565548651961e-02
5.873173877622295952e-02
6.068415739709566437e-02
4.858733791149393855e-01
4.368146596547283211e-01
7.731674101327223880e-02
8.472767437382561218e-02
1.397865608162602268e-02
5.044345352955775796e-02
4.363759192617684413e-01
6.298702332710680307e-02
7.822992440901118533e-03
5.075146004241603594e-03
6.095386858794553664e-01
2.955921389175431013e-02
2.318957573863417859e-02
1.563435552815458859e-02
2.889448374955847637e-02
1.518425309310207465e-02
1.448784405983929990e-01
6.557884860228077595e-02
6.813157914090542389e-02
3.124427466716454480e-02
1.622454003001306752e-02
5.020378232134887347e-02
4.916385172994020003e-01
1.186361579672501852e-02
7.191716112308428610e-02
4.734851283523865140e-02
5.712978140373285718e-02
4.416700222935758813e-01
1.643613208455222893e-02
3.104632162147965418e-02
1.294359975593201428e-01
5.633991466697409189e-02
1.422965779490696359e-01
5.745820175951099618e-02
6.087444312740185326e-02
2.028893203735110742e-02
5.038617002169226700e-01
4.751134649558690914e-01
1.396554829163433875e-01
5.118596554423286982e-01
1.442282468354695590e-01
9.516761350658273786e-04
6.372051255479804777e-02
4.688487577131011941e-02
1.667606835432104417e-01
2.297452905559341230e-02
2.015343966448205834e-02
5.300461673833264942e-02
1.751355824636806335e-02
1.131447832775651086e-01
4.804165416807735234e-01
5.202576811705722504e-01
9.543335569414179709e-02
1.470353594596620073e-01
4.570828100881990652e-02
7.920203158010928612e-02
4.797234111044345606e-01
4.354700717391668530e-01
4.761589490961615212e-01
4.308661439902525259e-01
4.950392244736786518e-01
5.006668345154712263e-01
4.721805025390452548e-01
4.439816886470778767e-01
2.570649585785415164e-02
7.604118343334902164e-02
1.355185484762699843e-02
8.363755714141112019e-02
5.307588246098974422e-02
4.882729976947061679e-01
1.247194259434010327e-01
1.512177790242720254e-01
3.948618108835614399e-02
1.524329651199420599e-01
2.787645609836763780e-02
6.333137918564714364e-02
3.540803587188296603e-02
2.161505659419819467e-02
6.289188618028383748e-02
7.027724762831376315e-02
4.677636107036421964e-01
4.408127507404688838e-01
5.772075457058392645e-02
1.580611953486700874e-02
1.475924923216877281e-03
5.345802535675485689e-01
6.796397857169429735e-02
1.270569858520266852e-03
6.044869558486885841e-02
1.124340143486701610e-01
5.798795390528138638e-02
