1.407152009509037571e-01
9.790759315379633440e-03
5.424536823179846104e-03
1.423148633038152366e-01
1.849211793120327310e-02
2.989340476834795660e-02
1.333266306993886041e-01
1.233992958321193135e-02
2.148947344835943143e-02
5.818060083925054304e-03
1.500699336740512341e-02
1.306165482791840915e-01
2.337592261179777253e-02
3.416017981246380342e-02
1.638189875372858192e-02
1.307345955672329918e-01
3.372221934917889186e-02
4.913838099069869902e-02
4.016540137450774761e-02
7.656938040090033142e-03
1.726611771800806022e-02
2.380063309050221149e-02
2.591298505015897369e-02
4.938633457631060736e-02
7.840853141579310834e-03
1.377504654934209039e-01
1.335379452418574975e-01
1.348382115580498419e-01
3.918554839952214514e-02
1.497712226478432607e-01
3.118562918464238415e-02
1.322466513220452340e-02
3.483373949934856495e-02
3.924979579601925450e-02
2.428758712799988090e-02
4.429034472507765996e-02
3.037823588238622308e-02
5.023396845684638921e-03
1.341706826372364714e-01
1.409039302141157080e-01
1.720352827900290676e-02
3.786071047224576214e-02
5.095828707712383998e-02
2.356904883601959599e-02
3.103839391320100879e-02
1.453943107278508340e-01
2.478918853828228006e-02
1.202921287499930658e-02
4.260322942470769203e-02
4.292369461135479847e-02
4.819150749504794162e-02
1.394244537493474767e-02
2.803044486860743756e-02
3.694160418984871255e-03
1.151500471970826403e-02
2.229495273606552780e-02
1.867996010740272453e-02
3.811206204400666153e-02
1.719506809487201388e-02
1.655148694511340834e-02
2.068178809714257133e-02
1.509118088604066363e-02
1.411623961512334380e-01
1.411359095797393159e-01
1.273511099779505752e-02
4.461649808286222152e-02
2.837110837831613441e-02
1.278080051212132084e-01
2.494941970991042257e-02
3.984398011509052151e-02
3.740942580321345023e-02
1.231968577728842669e-02
9.787961054801216920e-03
1.243225861635912227e-01
4.053198976265427050e-02
2.152142242633266200e-02
3.513513473136911647e-02
3.650571655899728651e-02
2.501104987713070535e-02
6.385254609765871059e-02
1.442954329784849193e-02
4.441565657278459534e-02
2.129093015860080568e-02
2.714651471785143461e-02
8.622000356963874582e-03
1.349106640120154854e-01
1.446301760019206850e-01
3.697753382855347576e-02
3.532514803448574131e-02
3.414187980488735119e-02
9.218557249134515588e-03
4.539873624599728708e-02
1.352286634889086625e-01
6.243935494834353117e-02
2.521921681093693829e-02
1.730353846999480028e-02
1.396541291102871840e-01
2.394642965131776879e-02
1.432782385106309564e-01
1.294311438606745301e-01
5.737797126960168803e-02
1.767573651878751734e-02
1.256938743045239171e-01
3.562542742872877588e-02
1.236403426488026647e-02
2.138430221879257520e-02
1.246746984198385533e-01
2.042301850736444324e-02
3.228381416412181432e-02
2.926812139075270214e-02
1.992190742457220637e-02
2.536903757667309522e-02
1.965338819470537415e-02
1.425998667534935094e-01
2.131575384635366055e-02
2.779490626188762040e-02
3.998274163546996357e-02
3.150553082167462104e-02
6.063933305631138970e-02
5.213062950547689249e-03
1.335395545278798557e-01
1.176992297496199692e-02
3.178717827403392676e-02
1.099416506522212823e-02
3.888631049814211815e-02
3.291053001837768166e-02
4.189261887070368923e-02
1.437088277359793997e-01
1.364015580767796165e-01
5.288402126638976769e-02
1.340074828523613037e-01
2.946070245794412540e-02
4.960678267256707352e-02
2.188097662984502673e-02
1.398494677038872314e-01
3.245526368583293020e-02
1.350473690305029617e-01
4.381798934014421998e-02
4.260605964604780721e-02
3.622509680550461963e-02
3.529510790794476022e-02
9.085719798538007333e-03
6.546457013819101563e-03
1.563894957500289520e-02
1.452522008774400075e-01
2.343497031611684392e-02
1.284040350813067666e-01
5.413388149887479912e-03
2.584277991525085402e-02
3.421939389183961677e-02
2.710774981698900465e-02
3.438894615335993249e-02
8.273207084368957437e-03
2.996962065022242688e-02
3.367042970898052705e-03
3.480620118507098126e-02
1.885781197056527955e-02
1.302999581998907086e-01
3.296478715626392775e-02
2.482302687833166585e-02
4.328355625028017933e-02
5.336168833451901405e-02
1.783217247112528839e-02
1.245550303474258699e-02
4.276461999218721111e-02
4.377834787014316109e-02
2.943741759713108808e-02
5.456369607114586878e-03
1.320033685558353875e-01
1.383219529513484425e-01
1.537668678705352010e-01
1.292547834814408159e-01
2.264854330476155295e-02
3.253226781434629539e-02
1.435327333283678286e-01
5.358107129646036415e-02
1.520920309709136442e-01
1.306381800960046968e-01
1.266073670601542550e-02
4.971456155171720404e-02
1.362372147880395179e-01
3.322050510696631515e-02
3.522876087828891861e-02
1.519815354606248760e-02
3.003739292352425663e-02
2.161091556599457897e-02
2.892250171411057252e-02
1.105712853522340146e-02
3.990182514699652794e-02
1.414403751612639815e-01
1.312959293112016812e-01
3.887374812991660489e-02
4.378261031747397031e-02
7.232822863595576857e-03
5.378942604925273513e-02
1.315677856042908322e-01
1.430102428187123853e-01
1.669105577894374956e-02
2.923587374434585134e-02
2.324811161715294172e-02
1.502262639527051635e-01
5.128244717962283927e-02
1.877589812389775584e-02
1.793376076523175294e-02
4.233686550793768627e-03
1.471213081753412755e-01
4.571081971262853233e-02
2.452096689953989217e-02
2.738895828930719423e-02
1.667505629670108791e-02
4.592280016442333579e-02
2.526545134414279192e-02
1.539040239532602286e-02
1.429126545114840080e-02
1.551045888749721935e-02
1.597696472520362260e-02
3.359506819606544042e-02
1.417738337214284050e-01
3.037713985352465812e-02
3.042389411776035002e-02
2.987496608370280443e-03
3.752681851386503731e-02
4.552465173151321043e-02
3.418122713348481501e-02
1.274871911453251058e-02
9.038040041005274486e-03
3.110139564117015559e-02
2.789728208465955261e-02
1.628996929546772804e-02
5.080080752722715420e-02
3.096058849607150054e-02
3.843190534317249968e-02
1.870434510639829018e-02
3.486140363654623153e-02
3.471804008754406090e-02
2.958809197971165594e-02
5.074805014574772233e-02
6.114769685826411394e-02
1.221255291501329755e-02
3.474658171778113869e-02
7.121491293314540817e-03
5.184365650281583249e-02
2.343873631546029672e-03
3.106394973008315408e-02
3.581974838837680836e-02
2.069727292274175373e-02
4.245275102113649224e-02
1.469120580893399156e-02
1.423602686490154090e-01
1.442367039993202871e-01
3.517388663727216008e-02
2.001853705974833419e-02
6.080964989158832434e-02
1.399160485141753008e-01
1.296424618027583985e-02
3.211302964854257508e-02
2.820102296293159824e-02
9.131254776212488489e-04
1.307685718025266564e-01
1.292055131630016201e-02
9.762473894276498150e-04
3.014561310037486286e-02
3.096665982388337179e-02
2.247902322441158729e-02
5.192403670722062908e-03
3.170943559549755514e-02
5.065188093694609345e-02
3.194490391744650437e-02
2.458312099212686674e-02
3.549807003356039020e-02
2.507667090305691626e-02
2.891874832298375886e-02
2.759057648599708493e-02
2.223608280354091860e-02
1.325337134037583853e-01
7.059705744088895854e-03
1.476414530736382402e-01
2.342029513903685217e-02
5.362739343455173203e-03
2.356035364414042765e-02
1.280457045311091113e-01
3.289587676759247320e-02
2.104165194433758185e-02
1.405888056251025919e-01
3.332196540248409666e-02
2.312458193901918702e-02
1.461195325530365574e-01
5.288889426114416759e-02
1.410100048331228706e-01
9.105152226315693653e-03
1.417341764045996766e-01
3.857962755403696736e-02
2.311875206861349272e-02
1.315950978188102360e-01
4.454255796038646131e-02
1.909103140794659453e-02
2.525801157327351582e-02
1.342979913297821272e-02
3.407038850971693539e-02
1.932962974641646084e-02
2.366426170147597347e-02
7.005795306047571391e-03
1.303988185725460033e-02
8.360489110514582323e-03
2.731802096189230727e-02
2.831767836723398518e-02
4.926589495655179368e-02
1.276806468781066239e-01
1.103596804848802626e-02
1.302674248870141771e-01
2.182144560731121008e-02
2.697646198839636147e-02
2.450949928195900185e-02
3.239071744283479604e-02
3.213187663950011624e-02
2.606244207221039555e-02
4.206404680588345102e-02
1.390124650868780065e-01
2.615899425240926501e-02
3.308695420917689978e-02
5.646824999044074145e-02
2.225363607672500160e-02
3.550667049437070122e-02
3.067403157114428555e-02
3.004791550701907399e-02
2.772089590701165562e-02
4.488728338583963806e-02
3.865549409219556920e-02
3.513472016909391371e-02
2.045152405290812450e-02
1.390994372248226807e-01
1.887784312901246569e-02
3.312371611381776521e-02
5.312180760192210249e-02
1.657246166113804722e-02
4.415213802480816296e-02
5.821694448007830314e-02
1.262830397302967256e-01
2.691748620682119647e-02
4.178469384415468141e-02
4.428896149558624040e-02
4.723813231932610240e-02
1.888814520976658112e-02
2.284875902121168145e-02
1.460141160904896568e-02
3.335242875533217521e-02
3.182099857862850933e-02
1.561990826911706549e-02
1.429773801187480542e-01
1.886922882643097057e-02
2.725692959626681983e-03
3.645278627962852958e-02
1.854278165245184032e-02
2.072194044140384522e-02
4.158908900333523062e-02
1.988927201474965240e-02
1.474040515997536160e-01
2.969541750163189053e-02
4.929634287198572662e-02
2.674603654283070481e-02
1.395380564807843504e-01
2.426505341788525241e-02
5.161644584906443373e-02
4.109186539336799615e-02
1.298894461962731284e-01
6.108783279732349358e-02
3.038441665200617217e-02
2.268668703324622574e-02
3.975211881735783714e-02
1.647542766631139230e-02
3.650000162710719670e-02
1.636952491760087711e-02
1.257684907009833652e-01
2.744967232835161808e-02
2.905047961835855244e-02
4.843384386480862475e-02
8.872040571557982674e-03
1.773557302750824669e-02
4.232098280492300330e-02
4.729498376462884512e-02
1.950232723899696791e-02
9.699773492349019269e-03
4.151029206673725880e-02
4.202493652980555244e-02
2.202652711394417762e-02
1.262009931771727322e-01
8.636549216258483652e-03
1.360612179537352973e-01
2.661129803915450454e-02
4.373044070068302092e-02
1.380133881950045549e-01
1.880200906485982038e-02
4.690703673936972434e-02
1.377278391354494758e-01
3.774571949852927044e-02
3.438535074746154607e-02
4.221693112310875851e-02
1.684592219403011071e-02
5.235462658338882469e-02
3.512644926532302453e-02
4.664799105155380959e-02
2.385673338580556607e-02
1.037915614336053227e-02
3.534865917414847791e-02
1.414388356486896980e-01
1.305335261354145238e-01
4.841295474922218539e-02
4.031266922239255812e-02
1.988367709878787262e-02
1.212551568998546450e-02
3.808958652441170323e-02
4.267640162426238754e-02
1.755885948701383162e-02
3.443980117264559132e-02
3.632425160592552688e-02
1.321014549086920731e-01
1.423929775588022029e-01
1.707916767834172928e-02
1.402999394530779209e-01
1.043839493710080162e-02
1.211922790912663486e-02
1.301029484430084038e-01
1.475131322066393080e-01
3.792155597503172465e-02
5.669286457311037072e-03
1.376001729823735920e-01
1.347005609612639543e-01
1.715869112806431979e-02
5.058340828018872970e-02
4.582903172520656765e-03
4.191047540737329047e-02
5.367446599950079222e-02
1.452654647741087254e-02
1.304193257071935841e-01
5.084015236167448853e-02
1.319919505886197886e-01
4.965465547931537105e-02
2.349349986536699436e-02
1.834128488509631505e-02
1.459252438843431365e-01
2.669332151025803276e-02
2.437157663459888976e-02
2.350562833176447070e-02
3.603409657452082138e-02
4.935181788880023401e-02
1.367354652676242288e-01
6.829629240691264050e-03
4.278595608973039671e-02
3.343659255238268929e-02
2.527656209177521832e-02
4.480535866414905866e-02
3.339376928963507657e-02
3.628484730140903863e-02
1.394445642509316297e-01
1.500577510972856722e-02
1.440093855667948231e-01
3.382912021901472721e-02
2.912855394989618055e-02
8.184829861131830142e-03
1.377681247179119439e-01
1.278666073101541178e-01
2.497025798054810716e-02
3.092575937959464449e-02
3.050441291549518819e-02
1.587279189528398304e-02
1.952320322223980581e-02
3.147940689915307982e-02
4.619735149279340092e-02
3.247273373648813799e-02
3.784397012275514394e-02
2.515260516332679455e-02
1.323174042012874030e-01
2.987504682969033265e-02
4.489619878014771553e-02
3.354666785046257760e-02
1.326460898119352812e-02
2.723150422475898239e-02
1.731676242007416239e-02
7.592462633018977856e-03
2.899216019882257939e-02
2.423488399048462361e-02
2.690069074907596239e-02
4.314216064164223124e-02
1.268312353661729674e-01
1.536988318911339767e-02
1.292999898106508838e-01
2.266966039917698086e-02
2.976159766538159779e-02
1.370896799562898449e-01
3.093186326956977317e-02
3.170650585850397218e-02
1.644891788528352744e-02
3.222542974142477562e-02
1.767836258173256445e-02
1.400031674398952500e-02
2.189737554764468325e-02
2.730380446829442850e-02
4.061051086022571255e-02
2.065437700359796375e-02
1.330225385008918793e-01
3.336697230998186131e-02
5.048397815213602480e-02
4.890021619194185459e-02
5.533128788218719465e-03
3.841654657366674885e-02
6.015174305564830251e-03
1.489898409530028001e-01
2.788074891786175222e-02
4.143877147174293563e-02
1.310339147981666452e-01
1.562789133420040485e-02
1.368958124449690394e-01
2.087056723431712649e-04
4.561744183203957081e-02
4.515986243840103970e-02
4.574615680805186463e-02
2.114093127556854537e-02
5.394655194048468549e-02
1.296466785939366650e-01
1.322832434818573821e-01
1.563186426628891332e-02
2.087230754468228158e-02
1.430871165180486182e-01
3.258308161122165647e-02
2.811920032565064925e-02
2.469864819484846735e-02
1.491282034220167418e-01
1.311350628116983719e-01
1.391809533886289862e-01
2.630716606677075894e-02
1.414025322394118003e-02
1.513570473363490820e-01
3.372547125092220655e-02
4.352540279969558182e-03
1.866077505823429336e-02
1.289395540014337815e-01
9.701648483917210339e-03
5.644869018469439448e-02
3.331684607242223206e-02
1.834616930440928495e-02
2.145424677166652208e-02
2.082823890718701540e-02
3.497081096207756146e-02
1.387861447812914761e-01
2.391888095955070626e-02
8.530917256072483371e-03
1.951038819133120439e-02
2.373670138520549838e-02
2.902147225030249356e-02
4.916941704527282020e-02
3.880714356919316710e-02
1.503092485295240421e-02
1.387000704181882982e-01
5.036087757418691857e-03
5.787430827208012857e-02
1.278300967399752519e-01
1.369536357647683500e-01
4.239400562706492626e-02
4.401700593866249289e-02
1.299940045690055335e-01
4.357463629185358289e-02
3.408095554937200233e-02
4.520819569100371915e-02
1.200895595842946598e-02
3.167650408875775925e-02
2.671058090551896996e-02
4.206407384414911910e-03
1.984770319888252976e-02
2.578811686056672534e-02
1.592830599200227570e-01
1.176175705125798339e-02
3.583884514929258636e-02
5.191700297354447102e-02
3.462513530647884363e-02
3.368640798083155641e-02
1.311031557490146826e-01
1.382208161541755298e-01
3.224336898320862010e-02
1.164525008581508876e-02
1.800138892910779775e-02
5.810271477845949106e-03
1.569723380724654532e-02
3.544967072259547214e-02
1.958043446555806852e-02
2.274937836704031546e-02
1.353743845440468496e-01
3.981743108449383589e-02
1.229521579785966198e-02
4.307813807966200115e-02
9.944671044229557930e-03
2.030174497375297760e-02
2.389677765555453526e-02
5.883366390411660235e-02
1.389675873837922515e-01
2.256345800352030709e-02
4.492707330879096989e-02
1.308089798531441028e-01
3.762122588005239326e-02
3.589931982465646709e-02
2.839356914688465766e-02
3.963011368116263478e-02
3.966491970933350847e-02
1.463150475790323327e-02
2.299913010184205867e-02
1.295290760741839853e-01
1.556164990252397184e-01
2.017291196138356474e-02
7.931060276313253721e-03
3.364789347623808186e-02
3.830830146335251207e-02
2.927623141136238144e-02
1.377588190367422527e-01
3.903804525984845564e-02
3.685512546319312521e-02
1.389939379478972725e-01
2.859701131890411002e-02
6.350047066707714682e-02
2.622836848574636170e-02
4.427255254603788825e-02
2.637831353917810887e-02
2.713559431466303420e-02
1.404508901087702377e-01
4.137749486571119795e-02
4.100803300043698307e-02
3.633667816783674176e-02
1.297481251039712402e-01
1.359749926655530183e-01
4.093044051274665612e-03
2.934024733218484979e-03
3.071599592214897811e-02
1.408992721053853661e-02
1.686637905162088197e-02
1.955174662227945198e-02
1.311165278774280851e-01
6.173804035892494239e-04
1.027094780505475972e-02
2.893757275470327725e-02
4.453343082265356218e-02
1.477686360583343461e-01
1.208778302417551180e-02
1.529389941667241570e-01
1.282670357050804399e-01
5.194138383996217689e-02
2.732688688282776737e-02
2.581105838175425451e-02
2.996114365594009649e-02
4.270666580099431731e-02
1.598638349959980234e-02
2.361637100796664876e-02
3.154955016232628001e-02
4.462994759440505610e-02
3.631457900240585290e-02
2.580053564040694913e-02
1.458978787851281378e-01
4.319629929568563620e-02
1.326924814313467094e-01
3.808037643450160048e-02
1.303951648111035741e-02
2.211786712288850085e-02
4.267765759025854422e-02
2.225869452161866394e-02
2.457574511023347466e-02
2.506101734577603074e-02
2.032544748105092822e-02
2.882234244498639228e-02
2.278512367551062401e-03
1.346448053466632322e-01
4.559844248864627914e-02
1.472714634386779742e-01
1.562078041163945594e-02
3.833228505190624386e-02
2.232239940826008517e-02
1.493440927624562486e-01
3.139090690022207364e-02
1.354409707412067010e-01
1.377739745767822543e-01
3.219023526211785280e-02
1.902994784678523760e-02
3.082787578741567891e-02
4.079473641287230390e-02
6.929161950410162030e-02
1.782327124077814559e-02
4.020110022408323464e-02
6.111287993473246347e-03
2.131078710541974008e-02
1.428109926950626996e-01
1.657784494652816965e-02
4.193773373029347634e-02
6.341095906564541904e-03
1.389669845842281537e-01
1.539082107494085250e-01
1.300865053014136630e-01
1.426226095488390411e-01
2.133427030213361913e-02
8.719148862280349035e-03
4.759535734849015820e-02
1.541793097617548680e-01
1.346831809683286529e-01
1.368265474645039281e-01
1.256289574328675052e-01
5.172729153162049232e-02
1.626649001791704782e-02
1.296083882829877909e-01
2.887793729765607276e-02
5.756772440985095940e-03
2.330563371019151245e-02
2.138955178556899150e-02
2.686898165395235766e-02
1.298151131472158881e-01
2.760823283844120526e-02
1.541988324603695837e-01
1.289964447498759270e-01
1.308343506167796433e-01
1.167383257159374486e-02
3.357768792945969166e-02
1.458436011683228450e-01
2.172325703110744924e-02
2.675511045737225674e-02
1.088482245230669096e-02
2.575686452318843786e-02
1.513343206196455897e-02
3.416803034422196544e-02
1.301418118928066026e-01
1.482513401283381826e-01
1.287979459075418720e-01
3.951884160322027134e-02
1.774236918397944368e-02
4.760032040597391573e-02
1.336220189292371963e-01
6.071171129916307085e-02
3.228153159779133252e-02
1.610868236039633000e-02
2.352391128157257927e-02
5.317502595168730264e-03
2.409986533096479186e-02
2.450923165325520625e-02
5.342016102828646418e-03
2.627902411072919470e-02
1.459439731393386563e-01
1.441109695024912242e-02
5.471287907709970755e-02
9.568387161617623177e-03
1.459109694828705506e-01
1.484545428739109801e-02
1.484904943516452552e-02
5.246769062979497050e-02
6.552499402440167819e-03
2.175522373021534020e-02
1.351831522346066787e-02
4.805917430405202972e-02
1.364727852868475033e-01
2.363708678622943038e-02
3.750062057406985255e-02
5.032327324871173346e-02
1.433136672990208971e-01
2.246013658558880521e-02
6.031721762386339260e-03
3.126844370214029722e-02
8.328494020273609702e-03
1.449283069651859379e-01
1.379984916538128659e-01
3.807903483245680260e-02
1.412011142344589687e-01
2.575750209774070598e-02
6.722058589671472614e-03
1.287381012067002062e-01
2.632774252588473973e-02
3.248916169250346681e-02
1.333026188637822240e-01
1.284695488237496686e-01
4.464821969230123311e-02
4.668468074010265201e-02
3.451734867883871766e-02
1.408776332889447036e-01
2.568957610395647059e-02
3.619564216251013045e-02
3.272432114626758898e-02
4.552532956327377117e-02
4.711374734426280325e-02
2.768375328615525766e-02
1.426523458228994012e-01
3.391465413153683939e-02
1.416696284255690164e-01
3.284330920906968626e-02
3.818846402576379223e-02
1.664858503948126595e-02
1.305488409789149484e-01
1.619215754072696190e-02
1.397458000206889539e-01
4.157113909428880594e-02
7.886055751632510893e-03
3.894777300108086954e-02
3.726390170699443727e-02
1.359371221470871416e-01
4.459420481979991385e-02
3.871646690400658980e-02
1.382044498683985823e-01
1.903258740700057225e-02
1.754445825454609489e-02
2.046415055028271909e-02
5.503867928032541573e-02
1.061601243955441476e-02
4.393323715474353741e-02
3.240192321213512805e-02
1.845631344168282770e-02
2.360688633802328351e-02
2.336987588704812768e-02
3.352592156542667789e-02
1.162375781554542305e-02
3.915744026552898938e-02
3.440515981407901019e-02
3.667511030993525489e-02
1.533270332474484174e-02
1.355614296120819517e-01
3.231014808378019493e-02
1.812284365658715576e-02
4.701426804251782055e-02
2.569788759095541220e-02
3.154464086737504558e-02
4.828258114396416500e-02
3.294554775689523349e-03
3.429405501813789087e-02
1.324438337222958451e-01
1.309840678947653270e-01
8.665630231708233017e-03
2.363886012187002214e-02
1.763944126907973989e-02
8.865689580888163040e-04
2.770464582379432265e-03
3.331257265895432029e-02
1.711603060776841151e-03
1.538065705164213259e-01
3.889733984827639657e-02
5.465546671585529148e-02
3.840478782808341707e-02
3.595865502031385386e-02
2.721536445507622207e-02
3.453079512841952109e-02
2.878581551856874282e-02
2.656243339952250176e-02
1.676356991194664567e-02
4.087505903394039741e-02
6.748929728241922360e-03
2.436784173399507425e-02
4.587615512288836794e-02
1.393052968287101512e-01
2.526838584625628464e-02
3.784443117436349369e-02
3.308423582843087601e-02
4.109357748232612961e-02
1.271104147574056709e-01
2.668100470990384526e-02
2.507406026687380302e-02
1.453599143481262290e-01
5.267731866030117560e-02
1.387764473576943991e-01
5.037009728345231974e-02
6.998957220224004058e-03
1.525663217555199291e-01
2.534108079873087158e-02
1.505531526487254024e-01
2.461535160385441151e-02
1.392507752619515649e-01
5.437424422131807537e-03
4.609557143439616672e-02
2.355942908568133681e-02
2.929351147602435659e-02
1.389598854494772384e-01
2.196547008191684219e-02
1.555829164201131820e-01
4.699905034374067536e-02
2.299968569856447598e-02
1.269526538795821557e-01
3.398254717209552717e-02
1.214856918192928383e-02
8.940792460418057336e-03
4.986348318869094493e-02
1.430150335154130835e-02
3.444496932371944597e-02
4.980692976737491340e-02
1.054721891727143819e-02
1.976101261773673470e-02
4.182322103355681775e-02
4.310176262892521926e-02
2.133561935271595378e-02
2.457283191308227976e-02
3.174375330804907192e-02
4.817615182854084743e-02
1.301508950209200322e-01
1.804739766129547646e-02
3.099896296372431359e-02
3.673230026041410939e-02
4.486602036139958338e-03
2.428099189762808474e-02
3.083588150797402297e-02
3.027037146765038100e-02
3.390924814982664015e-02
4.213623594239455927e-02
2.913153247972034843e-02
3.687029080991281738e-02
4.046345767599091037e-02
3.606469550479420028e-02
4.943134456639593222e-02
4.142449735029980068e-02
1.471783134815012745e-02
4.249484326691695124e-02
4.552405244571806897e-02
2.749287735108000424e-02
3.264642157108883780e-02
2.036509103647000246e-02
3.635712844925310244e-02
2.027046099803764961e-02
4.440141532761095883e-02
4.231087436310553007e-02
1.367573462280711749e-01
2.644724818879063202e-02
9.514503436416623869e-03
2.373021347257359484e-02
2.764649650916446363e-02
3.138287487190344338e-02
3.233332819065527081e-02
1.387221298863132724e-01
1.401124743980978193e-01
1.731420070815022777e-02
2.293922328957891804e-02
1.443362647870888305e-01
1.272147818512379958e-01
4.664329057299086007e-02
1.699351892710660589e-02
2.689562062335659059e-02
9.818858730155949344e-03
8.997461327008625040e-03
4.854280404021409090e-03
4.394862294201473674e-02
1.251240899103718551e-02
3.593146196807789350e-02
1.016317633315503947e-02
3.993621139917313823e-02
2.982525697106496593e-02
1.477165256365814416e-01
2.803903962944007816e-02
1.317068476228638041e-01
1.689132018230051976e-02
2.928042010326692077e-02
1.687563096240749308e-02
6.450782266730329187e-03
4.477157987270358186e-02
5.002886332192033048e-02
3.475184740899031621e-02
3.749437512921148519e-02
1.436543836654999295e-01
5.361990312704213724e-02
3.947419110195659470e-02
3.973275615303412112e-02
3.089882683149754172e-02
3.954566955491158053e-02
1.917047885305288996e-02
1.390993974418607837e-01
1.954922286738829118e-02
2.556384886711687149e-02
1.775967369774669041e-02
1.993757235714636866e-02
1.311840208888248593e-02
1.338627512934635888e-01
2.171706259121349708e-02
4.755981531545025454e-02
1.281651947571641748e-01
2.799366259751820060e-02
3.521949495685534892e-02
1.226724421185355256e-03
3.400196997811803096e-02
3.852346672467199529e-02
1.177408003122730300e-02
4.437473748054657913e-02
2.865544926251964095e-02
1.316496935932632562e-01
1.399802613792969219e-01
5.136385415603055005e-02
1.371656426465654201e-03
1.744858462902284732e-02
6.020192442808196091e-03
1.397494663758103162e-01
3.067043707703305533e-02
2.958002532022322925e-02
3.428078943705555742e-02
1.589052632344458132e-03
3.479460139468258661e-02
2.996010634755894367e-02
1.443448317533030101e-01
3.885843612915752809e-02
3.207531139090272904e-02
2.745593441433517509e-02
2.704586177498983016e-02
3.341595479496635435e-02
5.303754548979112103e-03
1.007754979487177419e-02
3.069457357297331046e-02
2.483785856099096634e-02
2.482145099442983893e-02
3.571234426873522161e-02
